path,label
../data/TrainSet/1.静息-标准/标准-静息 (717).bmp,1.静息-标准
../data/TrainSet/1.静息-标准/标准-静息 (494).bmp,1.静息-标准
../data/TrainSet/1.静息-标准/标准-静息 (654).bmp,1.静息-标准
../data/TrainSet/1.静息-标准/标准-静息 (531).bmp,1.静息-标准
../data/TrainSet/1.静息-标准/标准-静息 (1194).bmp,1.静息-标准
../data/TrainSet/1.静息-标准/标准-静息 (182).bmp,1.静息-标准
../data/TrainSet/1.静息-标准/标准-静息 (726).bmp,1.静息-标准
../data/TrainSet/1.静息-标准/标准-静息 (443).bmp,1.静息-标准
../data/TrainSet/1.静息-标准/标准-静息 (56).bmp,1.静息-标准
../data/TrainSet/1.静息-标准/标准-静息 (780).bmp,1.静息-标准
../data/TrainSet/1.静息-标准/标准-静息 (232).bmp,1.静息-标准
../data/TrainSet/1.静息-标准/标准-静息 (1192).bmp,1.静息-标准
../data/TrainSet/1.静息-标准/标准-静息 (464).bmp,1.静息-标准
../data/TrainSet/1.静息-标准/标准-静息 (1054).bmp,1.静息-标准
../data/TrainSet/1.静息-标准/标准-静息 (1230).bmp,1.静息-标准
../data/TrainSet/1.静息-标准/标准-静息 (71).bmp,1.静息-标准
../data/TrainSet/1.静息-标准/标准-静息 (941).bmp,1.静息-标准
../data/TrainSet/1.静息-标准/标准-静息 (406).bmp,1.静息-标准
../data/TrainSet/1.静息-标准/标准-静息 (584).bmp,1.静息-标准
../data/TrainSet/1.静息-标准/标准-静息 (1180).bmp,1.静息-标准
../data/TrainSet/1.静息-标准/标准-静息 (162).bmp,1.静息-标准
../data/TrainSet/1.静息-标准/标准-静息 (945).bmp,1.静息-标准
../data/TrainSet/1.静息-标准/标准-静息 (366).bmp,1.静息-标准
../data/TrainSet/1.静息-标准/标准-静息 (47).bmp,1.静息-标准
../data/TrainSet/1.静息-标准/标准-静息 (499).bmp,1.静息-标准
../data/TrainSet/1.静息-标准/标准-静息 (1036).bmp,1.静息-标准
../data/TrainSet/1.静息-标准/标准-静息 (445).bmp,1.静息-标准
../data/TrainSet/1.静息-标准/标准-静息 (1123).bmp,1.静息-标准
../data/TrainSet/1.静息-标准/标准-静息 (454).bmp,1.静息-标准
../data/TrainSet/1.静息-标准/标准-静息 (270).bmp,1.静息-标准
../data/TrainSet/1.静息-标准/标准-静息 (691).bmp,1.静息-标准
../data/TrainSet/1.静息-标准/标准-静息 (461).bmp,1.静息-标准
../data/TrainSet/1.静息-标准/标准-静息 (801).bmp,1.静息-标准
../data/TrainSet/1.静息-标准/标准-静息 (592).bmp,1.静息-标准
../data/TrainSet/1.静息-标准/标准-静息 (197).bmp,1.静息-标准
../data/TrainSet/1.静息-标准/标准-静息 (18).bmp,1.静息-标准
../data/TrainSet/1.静息-标准/标准-静息 (912).bmp,1.静息-标准
../data/TrainSet/1.静息-标准/标准-静息 (108).bmp,1.静息-标准
../data/TrainSet/1.静息-标准/标准-静息 (933).bmp,1.静息-标准
../data/TrainSet/1.静息-标准/标准-静息 (939).bmp,1.静息-标准
../data/TrainSet/1.静息-标准/标准-静息 (196).bmp,1.静息-标准
../data/TrainSet/1.静息-标准/标准-静息 (119).bmp,1.静息-标准
../data/TrainSet/1.静息-标准/标准-静息 (273).bmp,1.静息-标准
../data/TrainSet/1.静息-标准/标准-静息 (258).bmp,1.静息-标准
../data/TrainSet/1.静息-标准/标准-静息 (360).bmp,1.静息-标准
../data/TrainSet/1.静息-标准/标准-静息 (619).bmp,1.静息-标准
../data/TrainSet/1.静息-标准/标准-静息 (897).bmp,1.静息-标准
../data/TrainSet/1.静息-标准/标准-静息 (126).bmp,1.静息-标准
../data/TrainSet/1.静息-标准/标准-静息 (287).bmp,1.静息-标准
../data/TrainSet/1.静息-标准/标准-静息 (662).bmp,1.静息-标准
../data/TrainSet/1.静息-标准/标准-静息 (943).bmp,1.静息-标准
../data/TrainSet/1.静息-标准/标准-静息 (155).bmp,1.静息-标准
../data/TrainSet/1.静息-标准/标准-静息 (535).bmp,1.静息-标准
../data/TrainSet/1.静息-标准/标准-静息 (1135).bmp,1.静息-标准
../data/TrainSet/1.静息-标准/标准-静息 (555).bmp,1.静息-标准
../data/TrainSet/1.静息-标准/标准-静息 (114).bmp,1.静息-标准
../data/TrainSet/1.静息-标准/标准-静息 (764).bmp,1.静息-标准
../data/TrainSet/1.静息-标准/标准-静息 (1061).bmp,1.静息-标准
../data/TrainSet/1.静息-标准/标准-静息 (990).bmp,1.静息-标准
../data/TrainSet/1.静息-标准/标准-静息 (768).bmp,1.静息-标准
../data/TrainSet/1.静息-标准/标准-静息 (579).bmp,1.静息-标准
../data/TrainSet/1.静息-标准/标准-静息 (190).bmp,1.静息-标准
../data/TrainSet/1.静息-标准/标准-静息 (1139).bmp,1.静息-标准
../data/TrainSet/1.静息-标准/标准-静息 (667).bmp,1.静息-标准
../data/TrainSet/1.静息-标准/标准-静息 (766).bmp,1.静息-标准
../data/TrainSet/1.静息-标准/标准-静息 (45).bmp,1.静息-标准
../data/TrainSet/1.静息-标准/标准-静息 (895).bmp,1.静息-标准
../data/TrainSet/1.静息-标准/标准-静息 (861).bmp,1.静息-标准
../data/TrainSet/1.静息-标准/标准-静息 (520).bmp,1.静息-标准
../data/TrainSet/1.静息-标准/标准-静息 (795).bmp,1.静息-标准
../data/TrainSet/1.静息-标准/标准-静息 (1068).bmp,1.静息-标准
../data/TrainSet/1.静息-标准/标准-静息 (1232).bmp,1.静息-标准
../data/TrainSet/1.静息-标准/标准-静息 (1159).bmp,1.静息-标准
../data/TrainSet/1.静息-标准/标准-静息 (1153).bmp,1.静息-标准
../data/TrainSet/1.静息-标准/标准-静息 (452).bmp,1.静息-标准
../data/TrainSet/1.静息-标准/标准-静息 (701).bmp,1.静息-标准
../data/TrainSet/1.静息-标准/标准-静息 (1167).bmp,1.静息-标准
../data/TrainSet/1.静息-标准/标准-静息 (385).bmp,1.静息-标准
../data/TrainSet/1.静息-标准/标准-静息 (9).bmp,1.静息-标准
../data/TrainSet/1.静息-标准/标准-静息 (527).bmp,1.静息-标准
../data/TrainSet/1.静息-标准/标准-静息 (613).bmp,1.静息-标准
../data/TrainSet/1.静息-标准/标准-静息 (673).bmp,1.静息-标准
../data/TrainSet/1.静息-标准/标准-静息 (85).bmp,1.静息-标准
../data/TrainSet/1.静息-标准/标准-静息 (1030).bmp,1.静息-标准
../data/TrainSet/1.静息-标准/标准-静息 (295).bmp,1.静息-标准
../data/TrainSet/1.静息-标准/标准-静息 (236).bmp,1.静息-标准
../data/TrainSet/1.静息-标准/标准-静息 (1128).bmp,1.静息-标准
../data/TrainSet/1.静息-标准/标准-静息 (825).bmp,1.静息-标准
../data/TrainSet/1.静息-标准/标准-静息 (1077).bmp,1.静息-标准
../data/TrainSet/1.静息-标准/标准-静息 (122).bmp,1.静息-标准
../data/TrainSet/1.静息-标准/标准-静息 (281).bmp,1.静息-标准
../data/TrainSet/1.静息-标准/标准-静息 (698).bmp,1.静息-标准
../data/TrainSet/1.静息-标准/标准-静息 (983).bmp,1.静息-标准
../data/TrainSet/1.静息-标准/标准-静息 (653).bmp,1.静息-标准
../data/TrainSet/1.静息-标准/标准-静息 (412).bmp,1.静息-标准
../data/TrainSet/1.静息-标准/标准-静息 (1095).bmp,1.静息-标准
../data/TrainSet/1.静息-标准/标准-静息 (772).bmp,1.静息-标准
../data/TrainSet/1.静息-标准/标准-静息 (921).bmp,1.静息-标准
../data/TrainSet/1.静息-标准/标准-静息 (83).bmp,1.静息-标准
../data/TrainSet/1.静息-标准/标准-静息 (635).bmp,1.静息-标准
../data/TrainSet/1.静息-标准/标准-静息 (538).bmp,1.静息-标准
../data/TrainSet/1.静息-标准/标准-静息 (935).bmp,1.静息-标准
../data/TrainSet/1.静息-标准/标准-静息 (773).bmp,1.静息-标准
../data/TrainSet/1.静息-标准/标准-静息 (21).bmp,1.静息-标准
../data/TrainSet/1.静息-标准/标准-静息 (834).bmp,1.静息-标准
../data/TrainSet/1.静息-标准/标准-静息 (937).bmp,1.静息-标准
../data/TrainSet/1.静息-标准/标准-静息 (737).bmp,1.静息-标准
../data/TrainSet/1.静息-标准/标准-静息 (888).bmp,1.静息-标准
../data/TrainSet/1.静息-标准/标准-静息 (1055).bmp,1.静息-标准
../data/TrainSet/1.静息-标准/标准-静息 (982).bmp,1.静息-标准
../data/TrainSet/1.静息-标准/标准-静息 (1199).bmp,1.静息-标准
../data/TrainSet/1.静息-标准/标准-静息 (10).bmp,1.静息-标准
../data/TrainSet/1.静息-标准/标准-静息 (808).bmp,1.静息-标准
../data/TrainSet/1.静息-标准/标准-静息 (552).bmp,1.静息-标准
../data/TrainSet/1.静息-标准/标准-静息 (752).bmp,1.静息-标准
../data/TrainSet/1.静息-标准/标准-静息 (470).bmp,1.静息-标准
../data/TrainSet/1.静息-标准/标准-静息 (163).bmp,1.静息-标准
../data/TrainSet/1.静息-标准/标准-静息 (546).bmp,1.静息-标准
../data/TrainSet/1.静息-标准/标准-静息 (144).bmp,1.静息-标准
../data/TrainSet/1.静息-标准/标准-静息 (192).bmp,1.静息-标准
../data/TrainSet/1.静息-标准/标准-静息 (878).bmp,1.静息-标准
../data/TrainSet/1.静息-标准/标准-静息 (301).bmp,1.静息-标准
../data/TrainSet/1.静息-标准/标准-静息 (540).bmp,1.静息-标准
../data/TrainSet/1.静息-标准/标准-静息 (977).bmp,1.静息-标准
../data/TrainSet/1.静息-标准/标准-静息 (380).bmp,1.静息-标准
../data/TrainSet/1.静息-标准/标准-静息 (507).bmp,1.静息-标准
../data/TrainSet/1.静息-标准/标准-静息 (290).bmp,1.静息-标准
../data/TrainSet/1.静息-标准/标准-静息 (709).bmp,1.静息-标准
../data/TrainSet/1.静息-标准/标准-静息 (914).bmp,1.静息-标准
../data/TrainSet/1.静息-标准/标准-静息 (440).bmp,1.静息-标准
../data/TrainSet/1.静息-标准/标准-静息 (1195).bmp,1.静息-标准
../data/TrainSet/1.静息-标准/标准-静息 (892).bmp,1.静息-标准
../data/TrainSet/1.静息-标准/标准-静息 (65).bmp,1.静息-标准
../data/TrainSet/1.静息-标准/标准-静息 (1022).bmp,1.静息-标准
../data/TrainSet/1.静息-标准/标准-静息 (763).bmp,1.静息-标准
../data/TrainSet/1.静息-标准/标准-静息 (377).bmp,1.静息-标准
../data/TrainSet/1.静息-标准/标准-静息 (401).bmp,1.静息-标准
../data/TrainSet/1.静息-标准/标准-静息 (398).bmp,1.静息-标准
../data/TrainSet/1.静息-标准/标准-静息 (369).bmp,1.静息-标准
../data/TrainSet/1.静息-标准/标准-静息 (128).bmp,1.静息-标准
../data/TrainSet/1.静息-标准/标准-静息 (601).bmp,1.静息-标准
../data/TrainSet/1.静息-标准/标准-静息 (728).bmp,1.静息-标准
../data/TrainSet/1.静息-标准/标准-静息 (770).bmp,1.静息-标准
../data/TrainSet/1.静息-标准/标准-静息 (1027).bmp,1.静息-标准
../data/TrainSet/1.静息-标准/标准-静息 (86).bmp,1.静息-标准
../data/TrainSet/1.静息-标准/标准-静息 (1000).bmp,1.静息-标准
../data/TrainSet/1.静息-标准/标准-静息 (210).bmp,1.静息-标准
../data/TrainSet/1.静息-标准/标准-静息 (1033).bmp,1.静息-标准
../data/TrainSet/1.静息-标准/标准-静息 (946).bmp,1.静息-标准
../data/TrainSet/1.静息-标准/标准-静息 (112).bmp,1.静息-标准
../data/TrainSet/1.静息-标准/标准-静息 (618).bmp,1.静息-标准
../data/TrainSet/1.静息-标准/标准-静息 (652).bmp,1.静息-标准
../data/TrainSet/1.静息-标准/标准-静息 (1193).bmp,1.静息-标准
../data/TrainSet/1.静息-标准/标准-静息 (984).bmp,1.静息-标准
../data/TrainSet/1.静息-标准/标准-静息 (971).bmp,1.静息-标准
../data/TrainSet/1.静息-标准/标准-静息 (1204).bmp,1.静息-标准
../data/TrainSet/1.静息-标准/标准-静息 (898).bmp,1.静息-标准
../data/TrainSet/1.静息-标准/标准-静息 (226).bmp,1.静息-标准
../data/TrainSet/1.静息-标准/标准-静息 (101).bmp,1.静息-标准
../data/TrainSet/1.静息-标准/标准-静息 (544).bmp,1.静息-标准
../data/TrainSet/1.静息-标准/标准-静息 (1001).bmp,1.静息-标准
../data/TrainSet/1.静息-标准/标准-静息 (502).bmp,1.静息-标准
../data/TrainSet/1.静息-标准/标准-静息 (174).bmp,1.静息-标准
../data/TrainSet/1.静息-标准/标准-静息 (274).bmp,1.静息-标准
../data/TrainSet/1.静息-标准/标准-静息 (199).bmp,1.静息-标准
../data/TrainSet/1.静息-标准/标准-静息 (382).bmp,1.静息-标准
../data/TrainSet/1.静息-标准/标准-静息 (312).bmp,1.静息-标准
../data/TrainSet/1.静息-标准/标准-静息 (524).bmp,1.静息-标准
../data/TrainSet/1.静息-标准/标准-静息 (389).bmp,1.静息-标准
../data/TrainSet/1.静息-标准/标准-静息 (294).bmp,1.静息-标准
../data/TrainSet/1.静息-标准/标准-静息 (850).bmp,1.静息-标准
../data/TrainSet/1.静息-标准/标准-静息 (589).bmp,1.静息-标准
../data/TrainSet/1.静息-标准/标准-静息 (1211).bmp,1.静息-标准
../data/TrainSet/1.静息-标准/标准-静息 (16).bmp,1.静息-标准
../data/TrainSet/1.静息-标准/标准-静息 (1215).bmp,1.静息-标准
../data/TrainSet/1.静息-标准/标准-静息 (387).bmp,1.静息-标准
../data/TrainSet/1.静息-标准/标准-静息 (543).bmp,1.静息-标准
../data/TrainSet/1.静息-标准/标准-静息 (807).bmp,1.静息-标准
../data/TrainSet/1.静息-标准/标准-静息 (447).bmp,1.静息-标准
../data/TrainSet/1.静息-标准/标准-静息 (413).bmp,1.静息-标准
../data/TrainSet/1.静息-标准/标准-静息 (43).bmp,1.静息-标准
../data/TrainSet/1.静息-标准/标准-静息 (12).bmp,1.静息-标准
../data/TrainSet/1.静息-标准/标准-静息 (819).bmp,1.静息-标准
../data/TrainSet/1.静息-标准/标准-静息 (1234).bmp,1.静息-标准
../data/TrainSet/1.静息-标准/标准-静息 (110).bmp,1.静息-标准
../data/TrainSet/1.静息-标准/标准-静息 (636).bmp,1.静息-标准
../data/TrainSet/1.静息-标准/标准-静息 (967).bmp,1.静息-标准
../data/TrainSet/1.静息-标准/标准-静息 (189).bmp,1.静息-标准
../data/TrainSet/1.静息-标准/标准-静息 (1207).bmp,1.静息-标准
../data/TrainSet/1.静息-标准/标准-静息 (830).bmp,1.静息-标准
../data/TrainSet/1.静息-标准/标准-静息 (175).bmp,1.静息-标准
../data/TrainSet/1.静息-标准/标准-静息 (777).bmp,1.静息-标准
../data/TrainSet/1.静息-标准/标准-静息 (100).bmp,1.静息-标准
../data/TrainSet/1.静息-标准/标准-静息 (1141).bmp,1.静息-标准
../data/TrainSet/1.静息-标准/标准-静息 (203).bmp,1.静息-标准
../data/TrainSet/1.静息-标准/标准-静息 (640).bmp,1.静息-标准
../data/TrainSet/1.静息-标准/标准-静息 (571).bmp,1.静息-标准
../data/TrainSet/1.静息-标准/标准-静息 (471).bmp,1.静息-标准
../data/TrainSet/1.静息-标准/标准-静息 (833).bmp,1.静息-标准
../data/TrainSet/1.静息-标准/标准-静息 (426).bmp,1.静息-标准
../data/TrainSet/1.静息-标准/标准-静息 (35).bmp,1.静息-标准
../data/TrainSet/1.静息-标准/标准-静息 (750).bmp,1.静息-标准
../data/TrainSet/1.静息-标准/标准-静息 (1229).bmp,1.静息-标准
../data/TrainSet/1.静息-标准/标准-静息 (5).bmp,1.静息-标准
../data/TrainSet/1.静息-标准/标准-静息 (206).bmp,1.静息-标准
../data/TrainSet/1.静息-标准/标准-静息 (17).bmp,1.静息-标准
../data/TrainSet/1.静息-标准/标准-静息 (247).bmp,1.静息-标准
../data/TrainSet/1.静息-标准/标准-静息 (663).bmp,1.静息-标准
../data/TrainSet/1.静息-标准/标准-静息 (781).bmp,1.静息-标准
../data/TrainSet/1.静息-标准/标准-静息 (49).bmp,1.静息-标准
../data/TrainSet/1.静息-标准/标准-静息 (608).bmp,1.静息-标准
../data/TrainSet/1.静息-标准/标准-静息 (323).bmp,1.静息-标准
../data/TrainSet/1.静息-标准/标准-静息 (974).bmp,1.静息-标准
../data/TrainSet/1.静息-标准/标准-静息 (948).bmp,1.静息-标准
../data/TrainSet/1.静息-标准/标准-静息 (832).bmp,1.静息-标准
../data/TrainSet/1.静息-标准/标准-静息 (481).bmp,1.静息-标准
../data/TrainSet/1.静息-标准/标准-静息 (706).bmp,1.静息-标准
../data/TrainSet/1.静息-标准/标准-静息 (1038).bmp,1.静息-标准
../data/TrainSet/1.静息-标准/标准-静息 (587).bmp,1.静息-标准
../data/TrainSet/1.静息-标准/标准-静息 (1237).bmp,1.静息-标准
../data/TrainSet/1.静息-标准/标准-静息 (61).bmp,1.静息-标准
../data/TrainSet/1.静息-标准/标准-静息 (550).bmp,1.静息-标准
../data/TrainSet/1.静息-标准/标准-静息 (954).bmp,1.静息-标准
../data/TrainSet/1.静息-标准/标准-静息 (1177).bmp,1.静息-标准
../data/TrainSet/1.静息-标准/标准-静息 (904).bmp,1.静息-标准
../data/TrainSet/1.静息-标准/标准-静息 (537).bmp,1.静息-标准
../data/TrainSet/1.静息-标准/标准-静息 (81).bmp,1.静息-标准
../data/TrainSet/1.静息-标准/标准-静息 (1019).bmp,1.静息-标准
../data/TrainSet/1.静息-标准/标准-静息 (738).bmp,1.静息-标准
../data/TrainSet/1.静息-标准/标准-静息 (660).bmp,1.静息-标准
../data/TrainSet/1.静息-标准/标准-静息 (934).bmp,1.静息-标准
../data/TrainSet/1.静息-标准/标准-静息 (260).bmp,1.静息-标准
../data/TrainSet/1.静息-标准/标准-静息 (148).bmp,1.静息-标准
../data/TrainSet/1.静息-标准/标准-静息 (909).bmp,1.静息-标准
../data/TrainSet/1.静息-标准/标准-静息 (864).bmp,1.静息-标准
../data/TrainSet/1.静息-标准/标准-静息 (1024).bmp,1.静息-标准
../data/TrainSet/1.静息-标准/标准-静息 (178).bmp,1.静息-标准
../data/TrainSet/1.静息-标准/标准-静息 (566).bmp,1.静息-标准
../data/TrainSet/1.静息-标准/标准-静息 (72).bmp,1.静息-标准
../data/TrainSet/1.静息-标准/标准-静息 (604).bmp,1.静息-标准
../data/TrainSet/1.静息-标准/标准-静息 (611).bmp,1.静息-标准
../data/TrainSet/1.静息-标准/标准-静息 (311).bmp,1.静息-标准
../data/TrainSet/1.静息-标准/标准-静息 (351).bmp,1.静息-标准
../data/TrainSet/1.静息-标准/标准-静息 (1099).bmp,1.静息-标准
../data/TrainSet/1.静息-标准/标准-静息 (409).bmp,1.静息-标准
../data/TrainSet/1.静息-标准/标准-静息 (872).bmp,1.静息-标准
../data/TrainSet/1.静息-标准/标准-静息 (577).bmp,1.静息-标准
../data/TrainSet/1.静息-标准/标准-静息 (1122).bmp,1.静息-标准
../data/TrainSet/1.静息-标准/标准-静息 (38).bmp,1.静息-标准
../data/TrainSet/1.静息-标准/标准-静息 (657).bmp,1.静息-标准
../data/TrainSet/1.静息-标准/标准-静息 (1203).bmp,1.静息-标准
../data/TrainSet/1.静息-标准/标准-静息 (367).bmp,1.静息-标准
../data/TrainSet/1.静息-标准/标准-静息 (222).bmp,1.静息-标准
../data/TrainSet/1.静息-标准/标准-静息 (756).bmp,1.静息-标准
../data/TrainSet/1.静息-标准/标准-静息 (138).bmp,1.静息-标准
../data/TrainSet/1.静息-标准/标准-静息 (513).bmp,1.静息-标准
../data/TrainSet/1.静息-标准/标准-静息 (1089).bmp,1.静息-标准
../data/TrainSet/1.静息-标准/标准-静息 (373).bmp,1.静息-标准
../data/TrainSet/1.静息-标准/标准-静息 (1217).bmp,1.静息-标准
../data/TrainSet/1.静息-标准/标准-静息 (428).bmp,1.静息-标准
../data/TrainSet/1.静息-标准/标准-静息 (590).bmp,1.静息-标准
../data/TrainSet/1.静息-标准/标准-静息 (327).bmp,1.静息-标准
../data/TrainSet/1.静息-标准/标准-静息 (787).bmp,1.静息-标准
../data/TrainSet/1.静息-标准/标准-静息 (693).bmp,1.静息-标准
../data/TrainSet/1.静息-标准/标准-静息 (407).bmp,1.静息-标准
../data/TrainSet/1.静息-标准/标准-静息 (313).bmp,1.静息-标准
../data/TrainSet/1.静息-标准/标准-静息 (931).bmp,1.静息-标准
../data/TrainSet/1.静息-标准/标准-静息 (620).bmp,1.静息-标准
../data/TrainSet/1.静息-标准/标准-静息 (468).bmp,1.静息-标准
../data/TrainSet/1.静息-标准/标准-静息 (812).bmp,1.静息-标准
../data/TrainSet/1.静息-标准/标准-静息 (482).bmp,1.静息-标准
../data/TrainSet/1.静息-标准/标准-静息 (1124).bmp,1.静息-标准
../data/TrainSet/1.静息-标准/标准-静息 (715).bmp,1.静息-标准
../data/TrainSet/1.静息-标准/标准-静息 (869).bmp,1.静息-标准
../data/TrainSet/1.静息-标准/标准-静息 (816).bmp,1.静息-标准
../data/TrainSet/1.静息-标准/标准-静息 (794).bmp,1.静息-标准
../data/TrainSet/1.静息-标准/标准-静息 (760).bmp,1.静息-标准
../data/TrainSet/1.静息-标准/标准-静息 (900).bmp,1.静息-标准
../data/TrainSet/1.静息-标准/标准-静息 (309).bmp,1.静息-标准
../data/TrainSet/1.静息-标准/标准-静息 (508).bmp,1.静息-标准
../data/TrainSet/1.静息-标准/标准-静息 (1209).bmp,1.静息-标准
../data/TrainSet/1.静息-标准/标准-静息 (1012).bmp,1.静息-标准
../data/TrainSet/1.静息-标准/标准-静息 (671).bmp,1.静息-标准
../data/TrainSet/1.静息-标准/标准-静息 (228).bmp,1.静息-标准
../data/TrainSet/1.静息-标准/标准-静息 (1137).bmp,1.静息-标准
../data/TrainSet/1.静息-标准/标准-静息 (1115).bmp,1.静息-标准
../data/TrainSet/1.静息-标准/标准-静息 (716).bmp,1.静息-标准
../data/TrainSet/1.静息-标准/标准-静息 (28).bmp,1.静息-标准
../data/TrainSet/1.静息-标准/标准-静息 (975).bmp,1.静息-标准
../data/TrainSet/1.静息-标准/标准-静息 (1222).bmp,1.静息-标准
../data/TrainSet/1.静息-标准/标准-静息 (1072).bmp,1.静息-标准
../data/TrainSet/1.静息-标准/标准-静息 (858).bmp,1.静息-标准
../data/TrainSet/1.静息-标准/标准-静息 (375).bmp,1.静息-标准
../data/TrainSet/1.静息-标准/标准-静息 (638).bmp,1.静息-标准
../data/TrainSet/1.静息-标准/标准-静息 (591).bmp,1.静息-标准
../data/TrainSet/1.静息-标准/标准-静息 (1097).bmp,1.静息-标准
../data/TrainSet/1.静息-标准/标准-静息 (629).bmp,1.静息-标准
../data/TrainSet/1.静息-标准/标准-静息 (998).bmp,1.静息-标准
../data/TrainSet/1.静息-标准/标准-静息 (1023).bmp,1.静息-标准
../data/TrainSet/1.静息-标准/标准-静息 (714).bmp,1.静息-标准
../data/TrainSet/1.静息-标准/标准-静息 (266).bmp,1.静息-标准
../data/TrainSet/1.静息-标准/标准-静息 (365).bmp,1.静息-标准
../data/TrainSet/1.静息-标准/标准-静息 (473).bmp,1.静息-标准
../data/TrainSet/1.静息-标准/标准-静息 (460).bmp,1.静息-标准
../data/TrainSet/1.静息-标准/标准-静息 (582).bmp,1.静息-标准
../data/TrainSet/1.静息-标准/标准-静息 (699).bmp,1.静息-标准
../data/TrainSet/1.静息-标准/标准-静息 (275).bmp,1.静息-标准
../data/TrainSet/1.静息-标准/标准-静息 (325).bmp,1.静息-标准
../data/TrainSet/1.静息-标准/标准-静息 (996).bmp,1.静息-标准
../data/TrainSet/1.静息-标准/标准-静息 (1221).bmp,1.静息-标准
../data/TrainSet/1.静息-标准/标准-静息 (381).bmp,1.静息-标准
../data/TrainSet/1.静息-标准/标准-静息 (710).bmp,1.静息-标准
../data/TrainSet/1.静息-标准/标准-静息 (911).bmp,1.静息-标准
../data/TrainSet/1.静息-标准/标准-静息 (6).bmp,1.静息-标准
../data/TrainSet/1.静息-标准/标准-静息 (167).bmp,1.静息-标准
../data/TrainSet/1.静息-标准/标准-静息 (962).bmp,1.静息-标准
../data/TrainSet/1.静息-标准/标准-静息 (835).bmp,1.静息-标准
../data/TrainSet/1.静息-标准/标准-静息 (938).bmp,1.静息-标准
../data/TrainSet/1.静息-标准/标准-静息 (1178).bmp,1.静息-标准
../data/TrainSet/1.静息-标准/标准-静息 (306).bmp,1.静息-标准
../data/TrainSet/1.静息-标准/标准-静息 (1225).bmp,1.静息-标准
../data/TrainSet/1.静息-标准/标准-静息 (198).bmp,1.静息-标准
../data/TrainSet/1.静息-标准/标准-静息 (404).bmp,1.静息-标准
../data/TrainSet/1.静息-标准/标准-静息 (187).bmp,1.静息-标准
../data/TrainSet/1.静息-标准/标准-静息 (79).bmp,1.静息-标准
../data/TrainSet/1.静息-标准/标准-静息 (123).bmp,1.静息-标准
../data/TrainSet/1.静息-标准/标准-静息 (969).bmp,1.静息-标准
../data/TrainSet/1.静息-标准/标准-静息 (420).bmp,1.静息-标准
../data/TrainSet/1.静息-标准/标准-静息 (1082).bmp,1.静息-标准
../data/TrainSet/1.静息-标准/标准-静息 (205).bmp,1.静息-标准
../data/TrainSet/1.静息-标准/标准-静息 (328).bmp,1.静息-标准
../data/TrainSet/1.静息-标准/标准-静息 (980).bmp,1.静息-标准
../data/TrainSet/1.静息-标准/标准-静息 (268).bmp,1.静息-标准
../data/TrainSet/1.静息-标准/标准-静息 (956).bmp,1.静息-标准
../data/TrainSet/1.静息-标准/标准-静息 (534).bmp,1.静息-标准
../data/TrainSet/1.静息-标准/标准-静息 (60).bmp,1.静息-标准
../data/TrainSet/1.静息-标准/标准-静息 (394).bmp,1.静息-标准
../data/TrainSet/1.静息-标准/标准-静息 (1191).bmp,1.静息-标准
../data/TrainSet/1.静息-标准/标准-静息 (459).bmp,1.静息-标准
../data/TrainSet/1.静息-标准/标准-静息 (942).bmp,1.静息-标准
../data/TrainSet/1.静息-标准/标准-静息 (193).bmp,1.静息-标准
../data/TrainSet/1.静息-标准/标准-静息 (630).bmp,1.静息-标准
../data/TrainSet/1.静息-标准/标准-静息 (50).bmp,1.静息-标准
../data/TrainSet/1.静息-标准/标准-静息 (849).bmp,1.静息-标准
../data/TrainSet/1.静息-标准/标准-静息 (92).bmp,1.静息-标准
../data/TrainSet/1.静息-标准/标准-静息 (1050).bmp,1.静息-标准
../data/TrainSet/1.静息-标准/标准-静息 (353).bmp,1.静息-标准
../data/TrainSet/1.静息-标准/标准-静息 (707).bmp,1.静息-标准
../data/TrainSet/1.静息-标准/标准-静息 (442).bmp,1.静息-标准
../data/TrainSet/1.静息-标准/标准-静息 (42).bmp,1.静息-标准
../data/TrainSet/1.静息-标准/标准-静息 (1018).bmp,1.静息-标准
../data/TrainSet/1.静息-标准/标准-静息 (908).bmp,1.静息-标准
../data/TrainSet/1.静息-标准/标准-静息 (125).bmp,1.静息-标准
../data/TrainSet/1.静息-标准/标准-静息 (1078).bmp,1.静息-标准
../data/TrainSet/1.静息-标准/标准-静息 (598).bmp,1.静息-标准
../data/TrainSet/1.静息-标准/标准-静息 (554).bmp,1.静息-标准
../data/TrainSet/1.静息-标准/标准-静息 (845).bmp,1.静息-标准
../data/TrainSet/1.静息-标准/标准-静息 (556).bmp,1.静息-标准
../data/TrainSet/1.静息-标准/标准-静息 (145).bmp,1.静息-标准
../data/TrainSet/1.静息-标准/标准-静息 (224).bmp,1.静息-标准
../data/TrainSet/1.静息-标准/标准-静息 (1074).bmp,1.静息-标准
../data/TrainSet/1.静息-标准/标准-静息 (1181).bmp,1.静息-标准
../data/TrainSet/1.静息-标准/标准-静息 (1016).bmp,1.静息-标准
../data/TrainSet/1.静息-标准/标准-静息 (219).bmp,1.静息-标准
../data/TrainSet/1.静息-标准/标准-静息 (405).bmp,1.静息-标准
../data/TrainSet/1.静息-标准/标准-静息 (947).bmp,1.静息-标准
../data/TrainSet/1.静息-标准/标准-静息 (924).bmp,1.静息-标准
../data/TrainSet/1.静息-标准/标准-静息 (827).bmp,1.静息-标准
../data/TrainSet/1.静息-标准/标准-静息 (905).bmp,1.静息-标准
../data/TrainSet/1.静息-标准/标准-静息 (185).bmp,1.静息-标准
../data/TrainSet/1.静息-标准/标准-静息 (493).bmp,1.静息-标准
../data/TrainSet/1.静息-标准/标准-静息 (423).bmp,1.静息-标准
../data/TrainSet/1.静息-标准/标准-静息 (854).bmp,1.静息-标准
../data/TrainSet/1.静息-标准/标准-静息 (95).bmp,1.静息-标准
../data/TrainSet/1.静息-标准/标准-静息 (1062).bmp,1.静息-标准
../data/TrainSet/1.静息-标准/标准-静息 (341).bmp,1.静息-标准
../data/TrainSet/1.静息-标准/标准-静息 (665).bmp,1.静息-标准
../data/TrainSet/1.静息-标准/标准-静息 (757).bmp,1.静息-标准
../data/TrainSet/1.静息-标准/标准-静息 (1103).bmp,1.静息-标准
../data/TrainSet/1.静息-标准/标准-静息 (1143).bmp,1.静息-标准
../data/TrainSet/1.静息-标准/标准-静息 (713).bmp,1.静息-标准
../data/TrainSet/1.静息-标准/标准-静息 (1147).bmp,1.静息-标准
../data/TrainSet/1.静息-标准/标准-静息 (115).bmp,1.静息-标准
../data/TrainSet/1.静息-标准/标准-静息 (242).bmp,1.静息-标准
../data/TrainSet/1.静息-标准/标准-静息 (1235).bmp,1.静息-标准
../data/TrainSet/1.静息-标准/标准-静息 (1201).bmp,1.静息-标准
../data/TrainSet/1.静息-标准/标准-静息 (1206).bmp,1.静息-标准
../data/TrainSet/1.静息-标准/标准-静息 (441).bmp,1.静息-标准
../data/TrainSet/1.静息-标准/标准-静息 (1044).bmp,1.静息-标准
../data/TrainSet/1.静息-标准/标准-静息 (1004).bmp,1.静息-标准
../data/TrainSet/1.静息-标准/标准-静息 (731).bmp,1.静息-标准
../data/TrainSet/1.静息-标准/标准-静息 (705).bmp,1.静息-标准
../data/TrainSet/1.静息-标准/标准-静息 (1100).bmp,1.静息-标准
../data/TrainSet/1.静息-标准/标准-静息 (724).bmp,1.静息-标准
../data/TrainSet/1.静息-标准/标准-静息 (1231).bmp,1.静息-标准
../data/TrainSet/1.静息-标准/标准-静息 (129).bmp,1.静息-标准
../data/TrainSet/1.静息-标准/标准-静息 (1053).bmp,1.静息-标准
../data/TrainSet/1.静息-标准/标准-静息 (463).bmp,1.静息-标准
../data/TrainSet/1.静息-标准/标准-静息 (1227).bmp,1.静息-标准
../data/TrainSet/1.静息-标准/标准-静息 (1162).bmp,1.静息-标准
../data/TrainSet/1.静息-标准/标准-静息 (1226).bmp,1.静息-标准
../data/TrainSet/1.静息-标准/标准-静息 (453).bmp,1.静息-标准
../data/TrainSet/1.静息-标准/标准-静息 (486).bmp,1.静息-标准
../data/TrainSet/1.静息-标准/标准-静息 (836).bmp,1.静息-标准
../data/TrainSet/1.静息-标准/标准-静息 (15).bmp,1.静息-标准
../data/TrainSet/1.静息-标准/标准-静息 (1113).bmp,1.静息-标准
../data/TrainSet/1.静息-标准/标准-静息 (978).bmp,1.静息-标准
../data/TrainSet/1.静息-标准/标准-静息 (676).bmp,1.静息-标准
../data/TrainSet/1.静息-标准/标准-静息 (736).bmp,1.静息-标准
../data/TrainSet/1.静息-标准/标准-静息 (1220).bmp,1.静息-标准
../data/TrainSet/1.静息-标准/标准-静息 (989).bmp,1.静息-标准
../data/TrainSet/1.静息-标准/标准-静息 (775).bmp,1.静息-标准
../data/TrainSet/1.静息-标准/标准-静息 (567).bmp,1.静息-标准
../data/TrainSet/1.静息-标准/标准-静息 (307).bmp,1.静息-标准
../data/TrainSet/1.静息-标准/标准-静息 (1066).bmp,1.静息-标准
../data/TrainSet/1.静息-标准/标准-静息 (994).bmp,1.静息-标准
../data/TrainSet/1.静息-标准/标准-静息 (352).bmp,1.静息-标准
../data/TrainSet/1.静息-标准/标准-静息 (729).bmp,1.静息-标准
../data/TrainSet/1.静息-标准/标准-静息 (856).bmp,1.静息-标准
../data/TrainSet/1.静息-标准/标准-静息 (959).bmp,1.静息-标准
../data/TrainSet/1.静息-标准/标准-静息 (1190).bmp,1.静息-标准
../data/TrainSet/1.静息-标准/标准-静息 (913).bmp,1.静息-标准
../data/TrainSet/1.静息-标准/标准-静息 (462).bmp,1.静息-标准
../data/TrainSet/1.静息-标准/标准-静息 (181).bmp,1.静息-标准
../data/TrainSet/1.静息-标准/标准-静息 (410).bmp,1.静息-标准
../data/TrainSet/1.静息-标准/标准-静息 (1093).bmp,1.静息-标准
../data/TrainSet/1.静息-标准/标准-静息 (800).bmp,1.静息-标准
../data/TrainSet/1.静息-标准/标准-静息 (1131).bmp,1.静息-标准
../data/TrainSet/1.静息-标准/标准-静息 (485).bmp,1.静息-标准
../data/TrainSet/1.静息-标准/标准-静息 (829).bmp,1.静息-标准
../data/TrainSet/1.静息-标准/标准-静息 (1035).bmp,1.静息-标准
../data/TrainSet/1.静息-标准/标准-静息 (893).bmp,1.静息-标准
../data/TrainSet/1.静息-标准/标准-静息 (297).bmp,1.静息-标准
../data/TrainSet/1.静息-标准/标准-静息 (395).bmp,1.静息-标准
../data/TrainSet/1.静息-标准/标准-静息 (264).bmp,1.静息-标准
../data/TrainSet/1.静息-标准/标准-静息 (799).bmp,1.静息-标准
../data/TrainSet/1.静息-标准/标准-静息 (474).bmp,1.静息-标准
../data/TrainSet/1.静息-标准/标准-静息 (846).bmp,1.静息-标准
../data/TrainSet/1.静息-标准/标准-静息 (137).bmp,1.静息-标准
../data/TrainSet/1.静息-标准/标准-静息 (779).bmp,1.静息-标准
../data/TrainSet/1.静息-标准/标准-静息 (668).bmp,1.静息-标准
../data/TrainSet/1.静息-标准/标准-静息 (762).bmp,1.静息-标准
../data/TrainSet/1.静息-标准/标准-静息 (288).bmp,1.静息-标准
../data/TrainSet/1.静息-标准/标准-静息 (614).bmp,1.静息-标准
../data/TrainSet/1.静息-标准/标准-静息 (308).bmp,1.静息-标准
../data/TrainSet/1.静息-标准/标准-静息 (201).bmp,1.静息-标准
../data/TrainSet/1.静息-标准/标准-静息 (166).bmp,1.静息-标准
../data/TrainSet/1.静息-标准/标准-静息 (265).bmp,1.静息-标准
../data/TrainSet/1.静息-标准/标准-静息 (529).bmp,1.静息-标准
../data/TrainSet/1.静息-标准/标准-静息 (1109).bmp,1.静息-标准
../data/TrainSet/1.静息-标准/标准-静息 (1126).bmp,1.静息-标准
../data/TrainSet/1.静息-标准/标准-静息 (578).bmp,1.静息-标准
../data/TrainSet/1.静息-标准/标准-静息 (1175).bmp,1.静息-标准
../data/TrainSet/1.静息-标准/标准-静息 (1185).bmp,1.静息-标准
../data/TrainSet/1.静息-标准/标准-静息 (1071).bmp,1.静息-标准
../data/TrainSet/1.静息-标准/标准-静息 (1236).bmp,1.静息-标准
../data/TrainSet/1.静息-标准/标准-静息 (874).bmp,1.静息-标准
../data/TrainSet/1.静息-标准/标准-静息 (1009).bmp,1.静息-标准
../data/TrainSet/1.静息-标准/标准-静息 (886).bmp,1.静息-标准
../data/TrainSet/1.静息-标准/标准-静息 (758).bmp,1.静息-标准
../data/TrainSet/1.静息-标准/标准-静息 (1039).bmp,1.静息-标准
../data/TrainSet/1.静息-标准/标准-静息 (105).bmp,1.静息-标准
../data/TrainSet/1.静息-标准/标准-静息 (689).bmp,1.静息-标准
../data/TrainSet/1.静息-标准/标准-静息 (600).bmp,1.静息-标准
../data/TrainSet/1.静息-标准/标准-静息 (928).bmp,1.静息-标准
../data/TrainSet/1.静息-标准/标准-静息 (476).bmp,1.静息-标准
../data/TrainSet/1.静息-标准/标准-静息 (354).bmp,1.静息-标准
../data/TrainSet/1.静息-标准/标准-静息 (952).bmp,1.静息-标准
../data/TrainSet/1.静息-标准/标准-静息 (802).bmp,1.静息-标准
../data/TrainSet/1.静息-标准/标准-静息 (866).bmp,1.静息-标准
../data/TrainSet/1.静息-标准/标准-静息 (686).bmp,1.静息-标准
../data/TrainSet/1.静息-标准/标准-静息 (364).bmp,1.静息-标准
../data/TrainSet/1.静息-标准/标准-静息 (320).bmp,1.静息-标准
../data/TrainSet/1.静息-标准/标准-静息 (11).bmp,1.静息-标准
../data/TrainSet/1.静息-标准/标准-静息 (160).bmp,1.静息-标准
../data/TrainSet/1.静息-标准/标准-静息 (1037).bmp,1.静息-标准
../data/TrainSet/1.静息-标准/标准-静息 (372).bmp,1.静息-标准
../data/TrainSet/1.静息-标准/标准-静息 (926).bmp,1.静息-标准
../data/TrainSet/1.静息-标准/标准-静息 (121).bmp,1.静息-标准
../data/TrainSet/1.静息-标准/标准-静息 (1224).bmp,1.静息-标准
../data/TrainSet/1.静息-标准/标准-静息 (1090).bmp,1.静息-标准
../data/TrainSet/1.静息-标准/标准-静息 (431).bmp,1.静息-标准
../data/TrainSet/1.静息-标准/标准-静息 (66).bmp,1.静息-标准
../data/TrainSet/1.静息-标准/标准-静息 (331).bmp,1.静息-标准
../data/TrainSet/1.静息-标准/标准-静息 (383).bmp,1.静息-标准
../data/TrainSet/1.静息-标准/标准-静息 (688).bmp,1.静息-标准
../data/TrainSet/1.静息-标准/标准-静息 (58).bmp,1.静息-标准
../data/TrainSet/1.静息-标准/标准-静息 (621).bmp,1.静息-标准
../data/TrainSet/1.静息-标准/标准-静息 (839).bmp,1.静息-标准
../data/TrainSet/1.静息-标准/标准-静息 (98).bmp,1.静息-标准
../data/TrainSet/1.静息-标准/标准-静息 (1163).bmp,1.静息-标准
../data/TrainSet/1.静息-标准/标准-静息 (899).bmp,1.静息-标准
../data/TrainSet/1.静息-标准/标准-静息 (824).bmp,1.静息-标准
../data/TrainSet/1.静息-标准/标准-静息 (916).bmp,1.静息-标准
../data/TrainSet/1.静息-标准/标准-静息 (1156).bmp,1.静息-标准
../data/TrainSet/1.静息-标准/标准-静息 (498).bmp,1.静息-标准
../data/TrainSet/1.静息-标准/标准-静息 (1118).bmp,1.静息-标准
../data/TrainSet/1.静息-标准/标准-静息 (1047).bmp,1.静息-标准
../data/TrainSet/1.静息-标准/标准-静息 (503).bmp,1.静息-标准
../data/TrainSet/1.静息-标准/标准-静息 (588).bmp,1.静息-标准
../data/TrainSet/1.静息-标准/标准-静息 (1140).bmp,1.静息-标准
../data/TrainSet/1.静息-标准/标准-静息 (225).bmp,1.静息-标准
../data/TrainSet/1.静息-标准/标准-静息 (343).bmp,1.静息-标准
../data/TrainSet/1.静息-标准/标准-静息 (475).bmp,1.静息-标准
../data/TrainSet/1.静息-标准/标准-静息 (184).bmp,1.静息-标准
../data/TrainSet/1.静息-标准/标准-静息 (30).bmp,1.静息-标准
../data/TrainSet/1.静息-标准/标准-静息 (54).bmp,1.静息-标准
../data/TrainSet/1.静息-标准/标准-静息 (1150).bmp,1.静息-标准
../data/TrainSet/1.静息-标准/标准-静息 (597).bmp,1.静息-标准
../data/TrainSet/1.静息-标准/标准-静息 (1087).bmp,1.静息-标准
../data/TrainSet/1.静息-标准/标准-静息 (817).bmp,1.静息-标准
../data/TrainSet/1.静息-标准/标准-静息 (720).bmp,1.静息-标准
../data/TrainSet/1.静息-标准/标准-静息 (78).bmp,1.静息-标准
../data/TrainSet/1.静息-标准/标准-静息 (177).bmp,1.静息-标准
../data/TrainSet/1.静息-标准/标准-静息 (109).bmp,1.静息-标准
../data/TrainSet/1.静息-标准/标准-静息 (457).bmp,1.静息-标准
../data/TrainSet/1.静息-标准/标准-静息 (455).bmp,1.静息-标准
../data/TrainSet/1.静息-标准/标准-静息 (559).bmp,1.静息-标准
../data/TrainSet/1.静息-标准/标准-静息 (685).bmp,1.静息-标准
../data/TrainSet/1.静息-标准/标准-静息 (735).bmp,1.静息-标准
../data/TrainSet/1.静息-标准/标准-静息 (415).bmp,1.静息-标准
../data/TrainSet/1.静息-标准/标准-静息 (681).bmp,1.静息-标准
../data/TrainSet/1.静息-标准/标准-静息 (612).bmp,1.静息-标准
../data/TrainSet/1.静息-标准/标准-静息 (960).bmp,1.静息-标准
../data/TrainSet/1.静息-标准/标准-静息 (642).bmp,1.静息-标准
../data/TrainSet/1.静息-标准/标准-静息 (565).bmp,1.静息-标准
../data/TrainSet/1.静息-标准/标准-静息 (1031).bmp,1.静息-标准
../data/TrainSet/1.静息-标准/标准-静息 (1051).bmp,1.静息-标准
../data/TrainSet/1.静息-标准/标准-静息 (285).bmp,1.静息-标准
../data/TrainSet/1.静息-标准/标准-静息 (1041).bmp,1.静息-标准
../data/TrainSet/1.静息-标准/标准-静息 (1046).bmp,1.静息-标准
../data/TrainSet/1.静息-标准/标准-静息 (337).bmp,1.静息-标准
../data/TrainSet/1.静息-标准/标准-静息 (1129).bmp,1.静息-标准
../data/TrainSet/1.静息-标准/标准-静息 (449).bmp,1.静息-标准
../data/TrainSet/1.静息-标准/标准-静息 (96).bmp,1.静息-标准
../data/TrainSet/1.静息-标准/标准-静息 (1021).bmp,1.静息-标准
../data/TrainSet/1.静息-标准/标准-静息 (1042).bmp,1.静息-标准
../data/TrainSet/1.静息-标准/标准-静息 (217).bmp,1.静息-标准
../data/TrainSet/1.静息-标准/标准-静息 (64).bmp,1.静息-标准
../data/TrainSet/1.静息-标准/标准-静息 (865).bmp,1.静息-标准
../data/TrainSet/1.静息-标准/标准-静息 (330).bmp,1.静息-标准
../data/TrainSet/1.静息-标准/标准-静息 (146).bmp,1.静息-标准
../data/TrainSet/1.静息-标准/标准-静息 (140).bmp,1.静息-标准
../data/TrainSet/1.静息-标准/标准-静息 (859).bmp,1.静息-标准
../data/TrainSet/1.静息-标准/标准-静息 (450).bmp,1.静息-标准
../data/TrainSet/1.静息-标准/标准-静息 (27).bmp,1.静息-标准
../data/TrainSet/1.静息-标准/标准-静息 (1132).bmp,1.静息-标准
../data/TrainSet/1.静息-标准/标准-静息 (13).bmp,1.静息-标准
../data/TrainSet/1.静息-标准/标准-静息 (20).bmp,1.静息-标准
../data/TrainSet/1.静息-标准/标准-静息 (647).bmp,1.静息-标准
../data/TrainSet/1.静息-标准/标准-静息 (1010).bmp,1.静息-标准
../data/TrainSet/1.静息-标准/标准-静息 (82).bmp,1.静息-标准
../data/TrainSet/1.静息-标准/标准-静息 (1202).bmp,1.静息-标准
../data/TrainSet/1.静息-标准/标准-静息 (490).bmp,1.静息-标准
../data/TrainSet/1.静息-标准/标准-静息 (927).bmp,1.静息-标准
../data/TrainSet/1.静息-标准/标准-静息 (104).bmp,1.静息-标准
../data/TrainSet/1.静息-标准/标准-静息 (711).bmp,1.静息-标准
../data/TrainSet/1.静息-标准/标准-静息 (951).bmp,1.静息-标准
../data/TrainSet/1.静息-标准/标准-静息 (246).bmp,1.静息-标准
../data/TrainSet/1.静息-标准/标准-静息 (1105).bmp,1.静息-标准
../data/TrainSet/1.静息-标准/标准-静息 (1076).bmp,1.静息-标准
../data/TrainSet/1.静息-标准/标准-静息 (991).bmp,1.静息-标准
../data/TrainSet/1.静息-标准/标准-静息 (113).bmp,1.静息-标准
../data/TrainSet/1.静息-标准/标准-静息 (1017).bmp,1.静息-标准
../data/TrainSet/1.静息-标准/标准-静息 (955).bmp,1.静息-标准
../data/TrainSet/1.静息-标准/标准-静息 (925).bmp,1.静息-标准
../data/TrainSet/1.静息-标准/标准-静息 (504).bmp,1.静息-标准
../data/TrainSet/1.静息-标准/标准-静息 (918).bmp,1.静息-标准
../data/TrainSet/1.静息-标准/标准-静息 (1151).bmp,1.静息-标准
../data/TrainSet/1.静息-标准/标准-静息 (632).bmp,1.静息-标准
../data/TrainSet/1.静息-标准/标准-静息 (448).bmp,1.静息-标准
../data/TrainSet/1.静息-标准/标准-静息 (922).bmp,1.静息-标准
../data/TrainSet/1.静息-标准/标准-静息 (399).bmp,1.静息-标准
../data/TrainSet/1.静息-标准/标准-静息 (634).bmp,1.静息-标准
../data/TrainSet/1.静息-标准/标准-静息 (957).bmp,1.静息-标准
../data/TrainSet/1.静息-标准/标准-静息 (896).bmp,1.静息-标准
../data/TrainSet/1.静息-标准/标准-静息 (179).bmp,1.静息-标准
../data/TrainSet/1.静息-标准/标准-静息 (553).bmp,1.静息-标准
../data/TrainSet/1.静息-标准/标准-静息 (572).bmp,1.静息-标准
../data/TrainSet/1.静息-标准/标准-静息 (944).bmp,1.静息-标准
../data/TrainSet/1.静息-标准/标准-静息 (595).bmp,1.静息-标准
../data/TrainSet/1.静息-标准/标准-静息 (811).bmp,1.静息-标准
../data/TrainSet/1.静息-标准/标准-静息 (99).bmp,1.静息-标准
../data/TrainSet/1.静息-标准/标准-静息 (986).bmp,1.静息-标准
../data/TrainSet/1.静息-标准/标准-静息 (279).bmp,1.静息-标准
../data/TrainSet/1.静息-标准/标准-静息 (562).bmp,1.静息-标准
../data/TrainSet/1.静息-标准/标准-静息 (359).bmp,1.静息-标准
../data/TrainSet/1.静息-标准/标准-静息 (718).bmp,1.静息-标准
../data/TrainSet/1.静息-标准/标准-静息 (743).bmp,1.静息-标准
../data/TrainSet/1.静息-标准/标准-静息 (1121).bmp,1.静息-标准
../data/TrainSet/1.静息-标准/标准-静息 (1187).bmp,1.静息-标准
../data/TrainSet/1.静息-标准/标准-静息 (90).bmp,1.静息-标准
../data/TrainSet/1.静息-标准/标准-静息 (14).bmp,1.静息-标准
../data/TrainSet/1.静息-标准/标准-静息 (979).bmp,1.静息-标准
../data/TrainSet/1.静息-标准/标准-静息 (596).bmp,1.静息-标准
../data/TrainSet/1.静息-标准/标准-静息 (69).bmp,1.静息-标准
../data/TrainSet/1.静息-标准/标准-静息 (491).bmp,1.静息-标准
../data/TrainSet/1.静息-标准/标准-静息 (1075).bmp,1.静息-标准
../data/TrainSet/1.静息-标准/标准-静息 (1176).bmp,1.静息-标准
../data/TrainSet/1.静息-标准/标准-静息 (156).bmp,1.静息-标准
../data/TrainSet/1.静息-标准/标准-静息 (530).bmp,1.静息-标准
../data/TrainSet/1.静息-标准/标准-静息 (29).bmp,1.静息-标准
../data/TrainSet/1.静息-标准/标准-静息 (563).bmp,1.静息-标准
../data/TrainSet/1.静息-标准/标准-静息 (593).bmp,1.静息-标准
../data/TrainSet/1.静息-标准/标准-静息 (837).bmp,1.静息-标准
../data/TrainSet/1.静息-标准/标准-静息 (1080).bmp,1.静息-标准
../data/TrainSet/1.静息-标准/标准-静息 (1164).bmp,1.静息-标准
../data/TrainSet/1.静息-标准/标准-静息 (33).bmp,1.静息-标准
../data/TrainSet/1.静息-标准/标准-静息 (436).bmp,1.静息-标准
../data/TrainSet/1.静息-标准/标准-静息 (700).bmp,1.静息-标准
../data/TrainSet/1.静息-标准/标准-静息 (67).bmp,1.静息-标准
../data/TrainSet/1.静息-标准/标准-静息 (547).bmp,1.静息-标准
../data/TrainSet/1.静息-标准/标准-静息 (1065).bmp,1.静息-标准
../data/TrainSet/1.静息-标准/标准-静息 (826).bmp,1.静息-标准
../data/TrainSet/1.静息-标准/标准-静息 (272).bmp,1.静息-标准
../data/TrainSet/1.静息-标准/标准-静息 (517).bmp,1.静息-标准
../data/TrainSet/1.静息-标准/标准-静息 (74).bmp,1.静息-标准
../data/TrainSet/1.静息-标准/标准-静息 (427).bmp,1.静息-标准
../data/TrainSet/1.静息-标准/标准-静息 (570).bmp,1.静息-标准
../data/TrainSet/1.静息-标准/标准-静息 (44).bmp,1.静息-标准
../data/TrainSet/1.静息-标准/标准-静息 (609).bmp,1.静息-标准
../data/TrainSet/1.静息-标准/标准-静息 (1029).bmp,1.静息-标准
../data/TrainSet/1.静息-标准/标准-静息 (348).bmp,1.静息-标准
../data/TrainSet/1.静息-标准/标准-静息 (1149).bmp,1.静息-标准
../data/TrainSet/1.静息-标准/标准-静息 (168).bmp,1.静息-标准
../data/TrainSet/1.静息-标准/标准-静息 (1092).bmp,1.静息-标准
../data/TrainSet/1.静息-标准/标准-静息 (1049).bmp,1.静息-标准
../data/TrainSet/1.静息-标准/标准-静息 (84).bmp,1.静息-标准
../data/TrainSet/1.静息-标准/标准-静息 (1223).bmp,1.静息-标准
../data/TrainSet/1.静息-标准/标准-静息 (291).bmp,1.静息-标准
../data/TrainSet/1.静息-标准/标准-静息 (350).bmp,1.静息-标准
../data/TrainSet/1.静息-标准/标准-静息 (631).bmp,1.静息-标准
../data/TrainSet/1.静息-标准/标准-静息 (876).bmp,1.静息-标准
../data/TrainSet/1.静息-标准/标准-静息 (159).bmp,1.静息-标准
../data/TrainSet/1.静息-标准/标准-静息 (993).bmp,1.静息-标准
../data/TrainSet/1.静息-标准/标准-静息 (249).bmp,1.静息-标准
../data/TrainSet/1.静息-标准/标准-静息 (1079).bmp,1.静息-标准
../data/TrainSet/1.静息-标准/标准-静息 (670).bmp,1.静息-标准
../data/TrainSet/1.静息-标准/标准-静息 (610).bmp,1.静息-标准
../data/TrainSet/1.静息-标准/标准-静息 (727).bmp,1.静息-标准
../data/TrainSet/1.静息-标准/标准-静息 (1040).bmp,1.静息-标准
../data/TrainSet/1.静息-标准/标准-静息 (1218).bmp,1.静息-标准
../data/TrainSet/1.静息-标准/标准-静息 (549).bmp,1.静息-标准
../data/TrainSet/1.静息-标准/标准-静息 (541).bmp,1.静息-标准
../data/TrainSet/1.静息-标准/标准-静息 (985).bmp,1.静息-标准
../data/TrainSet/1.静息-标准/标准-静息 (774).bmp,1.静息-标准
../data/TrainSet/1.静息-标准/标准-静息 (456).bmp,1.静息-标准
../data/TrainSet/1.静息-标准/标准-静息 (997).bmp,1.静息-标准
../data/TrainSet/1.静息-标准/标准-静息 (204).bmp,1.静息-标准
../data/TrainSet/1.静息-标准/标准-静息 (639).bmp,1.静息-标准
../data/TrainSet/1.静息-标准/标准-静息 (1002).bmp,1.静息-标准
../data/TrainSet/1.静息-标准/标准-静息 (1165).bmp,1.静息-标准
../data/TrainSet/1.静息-标准/标准-静息 (576).bmp,1.静息-标准
../data/TrainSet/1.静息-标准/标准-静息 (708).bmp,1.静息-标准
../data/TrainSet/1.静息-标准/标准-静息 (1179).bmp,1.静息-标准
../data/TrainSet/1.静息-标准/标准-静息 (419).bmp,1.静息-标准
../data/TrainSet/1.静息-标准/标准-静息 (815).bmp,1.静息-标准
../data/TrainSet/1.静息-标准/标准-静息 (694).bmp,1.静息-标准
../data/TrainSet/1.静息-标准/标准-静息 (684).bmp,1.静息-标准
../data/TrainSet/1.静息-标准/标准-静息 (1032).bmp,1.静息-标准
../data/TrainSet/1.静息-标准/标准-静息 (1186).bmp,1.静息-标准
../data/TrainSet/1.静息-标准/标准-静息 (751).bmp,1.静息-标准
../data/TrainSet/1.静息-标准/标准-静息 (628).bmp,1.静息-标准
../data/TrainSet/1.静息-标准/标准-静息 (759).bmp,1.静息-标准
../data/TrainSet/1.静息-标准/标准-静息 (740).bmp,1.静息-标准
../data/TrainSet/1.静息-标准/标准-静息 (882).bmp,1.静息-标准
../data/TrainSet/1.静息-标准/标准-静息 (1114).bmp,1.静息-标准
../data/TrainSet/1.静息-标准/标准-静息 (622).bmp,1.静息-标准
../data/TrainSet/1.静息-标准/标准-静息 (868).bmp,1.静息-标准
../data/TrainSet/1.静息-标准/标准-静息 (747).bmp,1.静息-标准
../data/TrainSet/1.静息-标准/标准-静息 (130).bmp,1.静息-标准
../data/TrainSet/1.静息-标准/标准-静息 (651).bmp,1.静息-标准
../data/TrainSet/1.静息-标准/标准-静息 (783).bmp,1.静息-标准
../data/TrainSet/1.静息-标准/标准-静息 (46).bmp,1.静息-标准
../data/TrainSet/1.静息-标准/标准-静息 (678).bmp,1.静息-标准
../data/TrainSet/1.静息-标准/标准-静息 (791).bmp,1.静息-标准
../data/TrainSet/1.静息-标准/标准-静息 (388).bmp,1.静息-标准
../data/TrainSet/1.静息-标准/标准-静息 (744).bmp,1.静息-标准
../data/TrainSet/1.静息-标准/标准-静息 (1110).bmp,1.静息-标准
../data/TrainSet/1.静息-标准/标准-静息 (1130).bmp,1.静息-标准
../data/TrainSet/1.静息-标准/标准-静息 (76).bmp,1.静息-标准
../data/TrainSet/1.静息-标准/标准-静息 (1060).bmp,1.静息-标准
../data/TrainSet/1.静息-标准/标准-静息 (451).bmp,1.静息-标准
../data/TrainSet/1.静息-标准/标准-静息 (860).bmp,1.静息-标准
../data/TrainSet/1.静息-标准/标准-静息 (953).bmp,1.静息-标准
../data/TrainSet/1.静息-标准/标准-静息 (432).bmp,1.静息-标准
../data/TrainSet/1.静息-标准/标准-静息 (355).bmp,1.静息-标准
../data/TrainSet/1.静息-标准/标准-静息 (885).bmp,1.静息-标准
../data/TrainSet/1.静息-标准/标准-静息 (496).bmp,1.静息-标准
../data/TrainSet/1.静息-标准/标准-静息 (723).bmp,1.静息-标准
../data/TrainSet/1.静息-标准/标准-静息 (102).bmp,1.静息-标准
../data/TrainSet/1.静息-标准/标准-静息 (135).bmp,1.静息-标准
../data/TrainSet/1.静息-标准/标准-静息 (1014).bmp,1.静息-标准
../data/TrainSet/1.静息-标准/标准-静息 (674).bmp,1.静息-标准
../data/TrainSet/1.静息-标准/标准-静息 (542).bmp,1.静息-标准
../data/TrainSet/1.静息-标准/标准-静息 (23).bmp,1.静息-标准
../data/TrainSet/1.静息-标准/标准-静息 (525).bmp,1.静息-标准
../data/TrainSet/1.静息-标准/标准-静息 (188).bmp,1.静息-标准
../data/TrainSet/1.静息-标准/标准-静息 (883).bmp,1.静息-标准
../data/TrainSet/1.静息-标准/标准-静息 (1006).bmp,1.静息-标准
../data/TrainSet/1.静息-标准/标准-静息 (106).bmp,1.静息-标准
../data/TrainSet/1.静息-标准/标准-静息 (1104).bmp,1.静息-标准
../data/TrainSet/1.静息-标准/标准-静息 (1233).bmp,1.静息-标准
../data/TrainSet/1.静息-标准/标准-静息 (606).bmp,1.静息-标准
../data/TrainSet/1.静息-标准/标准-静息 (1084).bmp,1.静息-标准
../data/TrainSet/1.静息-标准/标准-静息 (560).bmp,1.静息-标准
../data/TrainSet/1.静息-标准/标准-静息 (91).bmp,1.静息-标准
../data/TrainSet/1.静息-标准/标准-静息 (889).bmp,1.静息-标准
../data/TrainSet/1.静息-标准/标准-静息 (255).bmp,1.静息-标准
../data/TrainSet/1.静息-标准/标准-静息 (734).bmp,1.静息-标准
../data/TrainSet/1.静息-标准/标准-静息 (581).bmp,1.静息-标准
../data/TrainSet/1.静息-标准/标准-静息 (53).bmp,1.静息-标准
../data/TrainSet/1.静息-标准/标准-静息 (254).bmp,1.静息-标准
../data/TrainSet/1.静息-标准/标准-静息 (1096).bmp,1.静息-标准
../data/TrainSet/1.静息-标准/标准-静息 (1214).bmp,1.静息-标准
../data/TrainSet/1.静息-标准/标准-静息 (548).bmp,1.静息-标准
../data/TrainSet/1.静息-标准/标准-静息 (771).bmp,1.静息-标准
../data/TrainSet/1.静息-标准/标准-静息 (732).bmp,1.静息-标准
../data/TrainSet/1.静息-标准/标准-静息 (789).bmp,1.静息-标准
../data/TrainSet/1.静息-标准/标准-静息 (172).bmp,1.静息-标准
../data/TrainSet/1.静息-标准/标准-静息 (1198).bmp,1.静息-标准
../data/TrainSet/1.静息-标准/标准-静息 (823).bmp,1.静息-标准
../data/TrainSet/1.静息-标准/标准-静息 (805).bmp,1.静息-标准
../data/TrainSet/1.静息-标准/标准-静息 (867).bmp,1.静息-标准
../data/TrainSet/1.静息-标准/标准-静息 (545).bmp,1.静息-标准
../data/TrainSet/1.静息-标准/标准-静息 (697).bmp,1.静息-标准
../data/TrainSet/1.静息-标准/标准-静息 (966).bmp,1.静息-标准
../data/TrainSet/1.静息-标准/标准-静息 (154).bmp,1.静息-标准
../data/TrainSet/1.静息-标准/标准-静息 (607).bmp,1.静息-标准
../data/TrainSet/1.静息-标准/标准-静息 (374).bmp,1.静息-标准
../data/TrainSet/1.静息-标准/标准-静息 (186).bmp,1.静息-标准
../data/TrainSet/1.静息-标准/标准-静息 (515).bmp,1.静息-标准
../data/TrainSet/1.静息-标准/标准-静息 (964).bmp,1.静息-标准
../data/TrainSet/1.静息-标准/标准-静息 (782).bmp,1.静息-标准
../data/TrainSet/1.静息-标准/标准-静息 (742).bmp,1.静息-标准
../data/TrainSet/1.静息-标准/标准-静息 (339).bmp,1.静息-标准
../data/TrainSet/1.静息-标准/标准-静息 (158).bmp,1.静息-标准
../data/TrainSet/1.静息-标准/标准-静息 (551).bmp,1.静息-标准
../data/TrainSet/1.静息-标准/标准-静息 (822).bmp,1.静息-标准
../data/TrainSet/1.静息-标准/标准-静息 (958).bmp,1.静息-标准
../data/TrainSet/1.静息-标准/标准-静息 (422).bmp,1.静息-标准
../data/TrainSet/1.静息-标准/标准-静息 (80).bmp,1.静息-标准
../data/TrainSet/1.静息-标准/标准-静息 (124).bmp,1.静息-标准
../data/TrainSet/1.静息-标准/标准-静息 (683).bmp,1.静息-标准
../data/TrainSet/1.静息-标准/标准-静息 (400).bmp,1.静息-标准
../data/TrainSet/1.静息-标准/标准-静息 (1008).bmp,1.静息-标准
../data/TrainSet/1.静息-标准/标准-静息 (414).bmp,1.静息-标准
../data/TrainSet/1.静息-标准/标准-静息 (679).bmp,1.静息-标准
../data/TrainSet/1.静息-标准/标准-静息 (271).bmp,1.静息-标准
../data/TrainSet/1.静息-标准/标准-静息 (798).bmp,1.静息-标准
../data/TrainSet/1.静息-标准/标准-静息 (417).bmp,1.静息-标准
../data/TrainSet/1.静息-标准/标准-静息 (769).bmp,1.静息-标准
../data/TrainSet/1.静息-标准/标准-静息 (645).bmp,1.静息-标准
../data/TrainSet/1.静息-标准/标准-静息 (195).bmp,1.静息-标准
../data/TrainSet/1.静息-标准/标准-静息 (257).bmp,1.静息-标准
../data/TrainSet/1.静息-标准/标准-静息 (165).bmp,1.静息-标准
../data/TrainSet/1.静息-标准/标准-静息 (63).bmp,1.静息-标准
../data/TrainSet/1.静息-标准/标准-静息 (22).bmp,1.静息-标准
../data/TrainSet/1.静息-标准/标准-静息 (139).bmp,1.静息-标准
../data/TrainSet/1.静息-标准/标准-静息 (877).bmp,1.静息-标准
../data/TrainSet/1.静息-标准/标准-静息 (1196).bmp,1.静息-标准
../data/TrainSet/1.静息-标准/标准-静息 (1219).bmp,1.静息-标准
../data/TrainSet/1.静息-标准/标准-静息 (1208).bmp,1.静息-标准
../data/TrainSet/1.静息-标准/标准-静息 (936).bmp,1.静息-标准
../data/TrainSet/1.静息-标准/标准-静息 (371).bmp,1.静息-标准
../data/TrainSet/1.静息-标准/标准-静息 (340).bmp,1.静息-标准
../data/TrainSet/1.静息-标准/标准-静息 (142).bmp,1.静息-标准
../data/TrainSet/1.静息-标准/标准-静息 (1059).bmp,1.静息-标准
../data/TrainSet/1.静息-标准/标准-静息 (397).bmp,1.静息-标准
../data/TrainSet/1.静息-标准/标准-静息 (216).bmp,1.静息-标准
../data/TrainSet/1.静息-标准/标准-静息 (356).bmp,1.静息-标准
../data/TrainSet/1.静息-标准/标准-静息 (514).bmp,1.静息-标准
../data/TrainSet/1.静息-标准/标准-静息 (690).bmp,1.静息-标准
../data/TrainSet/1.静息-标准/标准-静息 (949).bmp,1.静息-标准
../data/TrainSet/1.静息-标准/标准-静息 (650).bmp,1.静息-标准
../data/TrainSet/1.静息-标准/标准-静息 (901).bmp,1.静息-标准
../data/TrainSet/1.静息-标准/标准-静息 (171).bmp,1.静息-标准
../data/TrainSet/1.静息-标准/标准-静息 (637).bmp,1.静息-标准
../data/TrainSet/1.静息-标准/标准-静息 (299).bmp,1.静息-标准
../data/TrainSet/1.静息-标准/标准-静息 (214).bmp,1.静息-标准
../data/TrainSet/1.静息-标准/标准-静息 (1134).bmp,1.静息-标准
../data/TrainSet/1.静息-标准/标准-静息 (107).bmp,1.静息-标准
../data/TrainSet/1.静息-标准/标准-静息 (1048).bmp,1.静息-标准
../data/TrainSet/1.静息-标准/标准-静息 (1108).bmp,1.静息-标准
../data/TrainSet/1.静息-标准/标准-静息 (322).bmp,1.静息-标准
../data/TrainSet/1.静息-标准/标准-静息 (675).bmp,1.静息-标准
../data/TrainSet/1.静息-标准/标准-静息 (749).bmp,1.静息-标准
../data/TrainSet/1.静息-标准/标准-静息 (510).bmp,1.静息-标准
../data/TrainSet/1.静息-标准/标准-静息 (143).bmp,1.静息-标准
../data/TrainSet/1.静息-标准/标准-静息 (1034).bmp,1.静息-标准
../data/TrainSet/1.静息-标准/标准-静息 (853).bmp,1.静息-标准
../data/TrainSet/1.静息-标准/标准-静息 (416).bmp,1.静息-标准
../data/TrainSet/1.静息-标准/标准-静息 (2).bmp,1.静息-标准
../data/TrainSet/1.静息-标准/标准-静息 (852).bmp,1.静息-标准
../data/TrainSet/1.静息-标准/标准-静息 (147).bmp,1.静息-标准
../data/TrainSet/1.静息-标准/标准-静息 (558).bmp,1.静息-标准
../data/TrainSet/1.静息-标准/标准-静息 (237).bmp,1.静息-标准
../data/TrainSet/1.静息-标准/标准-静息 (310).bmp,1.静息-标准
../data/TrainSet/1.静息-标准/标准-静息 (57).bmp,1.静息-标准
../data/TrainSet/1.静息-标准/标准-静息 (111).bmp,1.静息-标准
../data/TrainSet/1.静息-标准/标准-静息 (77).bmp,1.静息-标准
../data/TrainSet/1.静息-标准/标准-静息 (150).bmp,1.静息-标准
../data/TrainSet/1.静息-标准/标准-静息 (793).bmp,1.静息-标准
../data/TrainSet/1.静息-标准/标准-静息 (259).bmp,1.静息-标准
../data/TrainSet/1.静息-标准/标准-静息 (692).bmp,1.静息-标准
../data/TrainSet/1.静息-标准/标准-静息 (881).bmp,1.静息-标准
../data/TrainSet/1.静息-标准/标准-静息 (127).bmp,1.静息-标准
../data/TrainSet/1.静息-标准/标准-静息 (497).bmp,1.静息-标准
../data/TrainSet/1.静息-标准/标准-静息 (831).bmp,1.静息-标准
../data/TrainSet/1.静息-标准/标准-静息 (1085).bmp,1.静息-标准
../data/TrainSet/1.静息-标准/标准-静息 (536).bmp,1.静息-标准
../data/TrainSet/1.静息-标准/标准-静息 (153).bmp,1.静息-标准
../data/TrainSet/1.静息-标准/标准-静息 (847).bmp,1.静息-标准
../data/TrainSet/1.静息-标准/标准-静息 (1145).bmp,1.静息-标准
../data/TrainSet/1.静息-标准/标准-静息 (378).bmp,1.静息-标准
../data/TrainSet/1.静息-标准/标准-静息 (479).bmp,1.静息-标准
../data/TrainSet/1.静息-标准/标准-静息 (1011).bmp,1.静息-标准
../data/TrainSet/1.静息-标准/标准-静息 (512).bmp,1.静息-标准
../data/TrainSet/1.静息-标准/标准-静息 (919).bmp,1.静息-标准
../data/TrainSet/1.静息-标准/标准-静息 (561).bmp,1.静息-标准
../data/TrainSet/1.静息-标准/标准-静息 (239).bmp,1.静息-标准
../data/TrainSet/1.静息-标准/标准-静息 (792).bmp,1.静息-标准
../data/TrainSet/1.静息-标准/标准-静息 (41).bmp,1.静息-标准
../data/TrainSet/1.静息-标准/标准-静息 (973).bmp,1.静息-标准
../data/TrainSet/1.静息-标准/标准-静息 (988).bmp,1.静息-标准
../data/TrainSet/1.静息-标准/标准-静息 (346).bmp,1.静息-标准
../data/TrainSet/1.静息-标准/标准-静息 (1064).bmp,1.静息-标准
../data/TrainSet/1.静息-标准/标准-静息 (1106).bmp,1.静息-标准
../data/TrainSet/1.静息-标准/标准-静息 (334).bmp,1.静息-标准
../data/TrainSet/1.静息-标准/标准-静息 (790).bmp,1.静息-标准
../data/TrainSet/1.静息-标准/标准-静息 (702).bmp,1.静息-标准
../data/TrainSet/1.静息-标准/标准-静息 (329).bmp,1.静息-标准
../data/TrainSet/1.静息-标准/标准-静息 (722).bmp,1.静息-标准
../data/TrainSet/1.静息-标准/标准-静息 (1174).bmp,1.静息-标准
../data/TrainSet/1.静息-标准/标准-静息 (894).bmp,1.静息-标准
../data/TrainSet/1.静息-标准/标准-静息 (602).bmp,1.静息-标准
../data/TrainSet/1.静息-标准/标准-静息 (34).bmp,1.静息-标准
../data/TrainSet/1.静息-标准/标准-静息 (103).bmp,1.静息-标准
../data/TrainSet/1.静息-标准/标准-静息 (1148).bmp,1.静息-标准
../data/TrainSet/1.静息-标准/标准-静息 (501).bmp,1.静息-标准
../data/TrainSet/1.静息-标准/标准-静息 (248).bmp,1.静息-标准
../data/TrainSet/1.静息-标准/标准-静息 (292).bmp,1.静息-标准
../data/TrainSet/1.静息-标准/标准-静息 (682).bmp,1.静息-标准
../data/TrainSet/1.静息-标准/标准-静息 (879).bmp,1.静息-标准
../data/TrainSet/1.静息-标准/标准-静息 (421).bmp,1.静息-标准
../data/TrainSet/1.静息-标准/标准-静息 (1028).bmp,1.静息-标准
../data/TrainSet/1.静息-标准/标准-静息 (191).bmp,1.静息-标准
../data/TrainSet/1.静息-标准/标准-静息 (574).bmp,1.静息-标准
../data/TrainSet/1.静息-标准/标准-静息 (890).bmp,1.静息-标准
../data/TrainSet/1.静息-标准/标准-静息 (194).bmp,1.静息-标准
../data/TrainSet/1.静息-标准/标准-静息 (976).bmp,1.静息-标准
../data/TrainSet/1.静息-标准/标准-静息 (963).bmp,1.静息-标准
../data/TrainSet/1.静息-标准/标准-静息 (131).bmp,1.静息-标准
../data/TrainSet/1.静息-标准/标准-静息 (170).bmp,1.静息-标准
../data/TrainSet/1.静息-标准/标准-静息 (433).bmp,1.静息-标准
../data/TrainSet/1.静息-标准/标准-静息 (384).bmp,1.静息-标准
../data/TrainSet/1.静息-标准/标准-静息 (262).bmp,1.静息-标准
../data/TrainSet/1.静息-标准/标准-静息 (88).bmp,1.静息-标准
../data/TrainSet/1.静息-标准/标准-静息 (1136).bmp,1.静息-标准
../data/TrainSet/1.静息-标准/标准-静息 (528).bmp,1.静息-标准
../data/TrainSet/1.静息-标准/标准-静息 (149).bmp,1.静息-标准
../data/TrainSet/1.静息-标准/标准-静息 (317).bmp,1.静息-标准
../data/TrainSet/1.静息-标准/标准-静息 (89).bmp,1.静息-标准
../data/TrainSet/1.静息-标准/标准-静息 (666).bmp,1.静息-标准
../data/TrainSet/1.静息-标准/标准-静息 (488).bmp,1.静息-标准
../data/TrainSet/1.静息-标准/标准-静息 (250).bmp,1.静息-标准
../data/TrainSet/1.静息-标准/标准-静息 (36).bmp,1.静息-标准
../data/TrainSet/1.静息-标准/标准-静息 (526).bmp,1.静息-标准
../data/TrainSet/1.静息-标准/标准-静息 (37).bmp,1.静息-标准
../data/TrainSet/1.静息-标准/标准-静息 (231).bmp,1.静息-标准
../data/TrainSet/1.静息-标准/标准-静息 (1142).bmp,1.静息-标准
../data/TrainSet/1.静息-标准/标准-静息 (235).bmp,1.静息-标准
../data/TrainSet/1.静息-标准/标准-静息 (298).bmp,1.静息-标准
../data/TrainSet/1.静息-标准/标准-静息 (302).bmp,1.静息-标准
../data/TrainSet/1.静息-标准/标准-静息 (321).bmp,1.静息-标准
../data/TrainSet/1.静息-标准/标准-静息 (118).bmp,1.静息-标准
../data/TrainSet/1.静息-标准/标准-静息 (615).bmp,1.静息-标准
../data/TrainSet/1.静息-标准/标准-静息 (1158).bmp,1.静息-标准
../data/TrainSet/1.静息-标准/标准-静息 (821).bmp,1.静息-标准
../data/TrainSet/1.静息-标准/标准-静息 (796).bmp,1.静息-标准
../data/TrainSet/1.静息-标准/标准-静息 (585).bmp,1.静息-标准
../data/TrainSet/1.静息-标准/标准-静息 (828).bmp,1.静息-标准
../data/TrainSet/1.静息-标准/标准-静息 (644).bmp,1.静息-标准
../data/TrainSet/1.静息-标准/标准-静息 (1197).bmp,1.静息-标准
../data/TrainSet/1.静息-标准/标准-静息 (785).bmp,1.静息-标准
../data/TrainSet/1.静息-标准/标准-静息 (316).bmp,1.静息-标准
../data/TrainSet/1.静息-标准/标准-静息 (733).bmp,1.静息-标准
../data/TrainSet/1.静息-标准/标准-静息 (94).bmp,1.静息-标准
../data/TrainSet/1.静息-标准/标准-静息 (655).bmp,1.静息-标准
../data/TrainSet/1.静息-标准/标准-静息 (1086).bmp,1.静息-标准
../data/TrainSet/1.静息-标准/标准-静息 (891).bmp,1.静息-标准
../data/TrainSet/1.静息-标准/标准-静息 (1160).bmp,1.静息-标准
../data/TrainSet/1.静息-标准/标准-静息 (238).bmp,1.静息-标准
../data/TrainSet/1.静息-标准/标准-静息 (687).bmp,1.静息-标准
../data/TrainSet/1.静息-标准/标准-静息 (169).bmp,1.静息-标准
../data/TrainSet/1.静息-标准/标准-静息 (465).bmp,1.静息-标准
../data/TrainSet/1.静息-标准/标准-静息 (51).bmp,1.静息-标准
../data/TrainSet/1.静息-标准/标准-静息 (748).bmp,1.静息-标准
../data/TrainSet/1.静息-标准/标准-静息 (887).bmp,1.静息-标准
../data/TrainSet/1.静息-标准/标准-静息 (444).bmp,1.静息-标准
../data/TrainSet/1.静息-标准/标准-静息 (932).bmp,1.静息-标准
../data/TrainSet/1.静息-标准/标准-静息 (1112).bmp,1.静息-标准
../data/TrainSet/1.静息-标准/标准-静息 (838).bmp,1.静息-标准
../data/TrainSet/1.静息-标准/标准-静息 (923).bmp,1.静息-标准
../data/TrainSet/1.静息-标准/标准-静息 (223).bmp,1.静息-标准
../data/TrainSet/1.静息-标准/标准-静息 (1).bmp,1.静息-标准
../data/TrainSet/1.静息-标准/标准-静息 (1013).bmp,1.静息-标准
../data/TrainSet/1.静息-标准/标准-静息 (483).bmp,1.静息-标准
../data/TrainSet/1.静息-标准/标准-静息 (648).bmp,1.静息-标准
../data/TrainSet/1.静息-标准/标准-静息 (862).bmp,1.静息-标准
../data/TrainSet/1.静息-标准/标准-静息 (430).bmp,1.静息-标准
../data/TrainSet/1.静息-标准/标准-静息 (873).bmp,1.静息-标准
../data/TrainSet/1.静息-标准/标准-静息 (992).bmp,1.静息-标准
../data/TrainSet/1.静息-标准/标准-静息 (243).bmp,1.静息-标准
../data/TrainSet/1.静息-标准/标准-静息 (391).bmp,1.静息-标准
../data/TrainSet/1.静息-标准/标准-静息 (968).bmp,1.静息-标准
../data/TrainSet/1.静息-标准/标准-静息 (696).bmp,1.静息-标准
../data/TrainSet/1.静息-标准/标准-静息 (677).bmp,1.静息-标准
../data/TrainSet/1.静息-标准/标准-静息 (345).bmp,1.静息-标准
../data/TrainSet/1.静息-标准/标准-静息 (402).bmp,1.静息-标准
../data/TrainSet/1.静息-标准/标准-静息 (1170).bmp,1.静息-标准
../data/TrainSet/1.静息-标准/标准-静息 (1083).bmp,1.静息-标准
../data/TrainSet/1.静息-标准/标准-静息 (342).bmp,1.静息-标准
../data/TrainSet/1.静息-标准/标准-静息 (1117).bmp,1.静息-标准
../data/TrainSet/1.静息-标准/标准-静息 (276).bmp,1.静息-标准
../data/TrainSet/1.静息-标准/标准-静息 (1043).bmp,1.静息-标准
../data/TrainSet/1.静息-标准/标准-静息 (669).bmp,1.静息-标准
../data/TrainSet/1.静息-标准/标准-静息 (767).bmp,1.静息-标准
../data/TrainSet/1.静息-标准/标准-静息 (245).bmp,1.静息-标准
../data/TrainSet/1.静息-标准/标准-静息 (533).bmp,1.静息-标准
../data/TrainSet/1.静息-标准/标准-静息 (842).bmp,1.静息-标准
../data/TrainSet/1.静息-标准/标准-静息 (1094).bmp,1.静息-标准
../data/TrainSet/1.静息-标准/标准-静息 (995).bmp,1.静息-标准
../data/TrainSet/1.静息-标准/标准-静息 (1169).bmp,1.静息-标准
../data/TrainSet/1.静息-标准/标准-静息 (1057).bmp,1.静息-标准
../data/TrainSet/1.静息-标准/标准-静息 (797).bmp,1.静息-标准
../data/TrainSet/1.静息-标准/标准-静息 (1015).bmp,1.静息-标准
../data/TrainSet/1.静息-标准/标准-静息 (347).bmp,1.静息-标准
../data/TrainSet/1.静息-标准/标准-静息 (424).bmp,1.静息-标准
../data/TrainSet/1.静息-标准/标准-静息 (875).bmp,1.静息-标准
../data/TrainSet/1.静息-标准/标准-静息 (252).bmp,1.静息-标准
../data/TrainSet/1.静息-标准/标准-静息 (277).bmp,1.静息-标准
../data/TrainSet/1.静息-标准/标准-静息 (1210).bmp,1.静息-标准
../data/TrainSet/1.静息-标准/标准-静息 (745).bmp,1.静息-标准
../data/TrainSet/1.静息-标准/标准-静息 (1063).bmp,1.静息-标准
../data/TrainSet/1.静息-标准/标准-静息 (776).bmp,1.静息-标准
../data/TrainSet/1.静息-标准/标准-静息 (564).bmp,1.静息-标准
../data/TrainSet/1.静息-标准/标准-静息 (814).bmp,1.静息-标准
../data/TrainSet/1.静息-标准/标准-静息 (32).bmp,1.静息-标准
../data/TrainSet/1.静息-标准/标准-静息 (1088).bmp,1.静息-标准
../data/TrainSet/1.静息-标准/标准-静息 (280).bmp,1.静息-标准
../data/TrainSet/1.静息-标准/标准-静息 (1182).bmp,1.静息-标准
../data/TrainSet/1.静息-标准/标准-静息 (296).bmp,1.静息-标准
../data/TrainSet/1.静息-标准/标准-静息 (335).bmp,1.静息-标准
../data/TrainSet/1.静息-标准/标准-静息 (75).bmp,1.静息-标准
../data/TrainSet/1.静息-标准/标准-静息 (132).bmp,1.静息-标准
../data/TrainSet/1.静息-标准/标准-静息 (1098).bmp,1.静息-标准
../data/TrainSet/1.静息-标准/标准-静息 (902).bmp,1.静息-标准
../data/TrainSet/1.静息-标准/标准-静息 (680).bmp,1.静息-标准
../data/TrainSet/1.静息-标准/标准-静息 (173).bmp,1.静息-标准
../data/TrainSet/1.静息-标准/标准-静息 (857).bmp,1.静息-标准
../data/TrainSet/1.静息-标准/标准-静息 (841).bmp,1.静息-标准
../data/TrainSet/1.静息-标准/标准-静息 (1168).bmp,1.静息-标准
../data/TrainSet/1.静息-标准/标准-静息 (315).bmp,1.静息-标准
../data/TrainSet/1.静息-标准/标准-静息 (363).bmp,1.静息-标准
../data/TrainSet/1.静息-标准/标准-静息 (438).bmp,1.静息-标准
../data/TrainSet/1.静息-标准/标准-静息 (656).bmp,1.静息-标准
../data/TrainSet/1.静息-标准/标准-静息 (390).bmp,1.静息-标准
../data/TrainSet/1.静息-标准/标准-静息 (658).bmp,1.静息-标准
../data/TrainSet/1.静息-标准/标准-静息 (810).bmp,1.静息-标准
../data/TrainSet/1.静息-标准/标准-静息 (761).bmp,1.静息-标准
../data/TrainSet/1.静息-标准/标准-静息 (429).bmp,1.静息-标准
../data/TrainSet/1.静息-标准/标准-静息 (1111).bmp,1.静息-标准
../data/TrainSet/1.静息-标准/标准-静息 (211).bmp,1.静息-标准
../data/TrainSet/1.静息-标准/标准-静息 (1154).bmp,1.静息-标准
../data/TrainSet/1.静息-标准/标准-静息 (458).bmp,1.静息-标准
../data/TrainSet/1.静息-标准/标准-静息 (278).bmp,1.静息-标准
../data/TrainSet/1.静息-标准/标准-静息 (304).bmp,1.静息-标准
../data/TrainSet/1.静息-标准/标准-静息 (851).bmp,1.静息-标准
../data/TrainSet/1.静息-标准/标准-静息 (910).bmp,1.静息-标准
../data/TrainSet/1.静息-标准/标准-静息 (843).bmp,1.静息-标准
../data/TrainSet/1.静息-标准/标准-静息 (263).bmp,1.静息-标准
../data/TrainSet/1.静息-标准/标准-静息 (1070).bmp,1.静息-标准
../data/TrainSet/1.静息-标准/标准-静息 (569).bmp,1.静息-标准
../data/TrainSet/1.静息-标准/标准-静息 (972).bmp,1.静息-标准
../data/TrainSet/1.静息-标准/标准-静息 (1119).bmp,1.静息-标准
../data/TrainSet/1.静息-标准/标准-静息 (349).bmp,1.静息-标准
../data/TrainSet/1.静息-标准/标准-静息 (286).bmp,1.静息-标准
../data/TrainSet/1.静息-标准/标准-静息 (318).bmp,1.静息-标准
../data/TrainSet/1.静息-标准/标准-静息 (284).bmp,1.静息-标准
../data/TrainSet/1.静息-标准/标准-静息 (557).bmp,1.静息-标准
../data/TrainSet/2.静息-非标准/非标准-静息  (37).bmp,2.静息-非标准
../data/TrainSet/2.静息-非标准/非标准-静息  (418).bmp,2.静息-非标准
../data/TrainSet/2.静息-非标准/非标准-静息  (942).bmp,2.静息-非标准
../data/TrainSet/2.静息-非标准/非标准-静息  (1360).bmp,2.静息-非标准
../data/TrainSet/2.静息-非标准/非标准-静息  (252).bmp,2.静息-非标准
../data/TrainSet/2.静息-非标准/非标准-静息  (1118).bmp,2.静息-非标准
../data/TrainSet/2.静息-非标准/非标准-静息  (785).bmp,2.静息-非标准
../data/TrainSet/2.静息-非标准/非标准-静息  (171).bmp,2.静息-非标准
../data/TrainSet/2.静息-非标准/非标准-静息  (404).bmp,2.静息-非标准
../data/TrainSet/2.静息-非标准/非标准-静息  (1128).bmp,2.静息-非标准
../data/TrainSet/2.静息-非标准/非标准-静息  (68).bmp,2.静息-非标准
../data/TrainSet/2.静息-非标准/非标准-静息  (316).bmp,2.静息-非标准
../data/TrainSet/2.静息-非标准/非标准-静息  (1242).bmp,2.静息-非标准
../data/TrainSet/2.静息-非标准/非标准-静息  (769).bmp,2.静息-非标准
../data/TrainSet/2.静息-非标准/非标准-静息  (1470).bmp,2.静息-非标准
../data/TrainSet/2.静息-非标准/非标准-静息  (1386).bmp,2.静息-非标准
../data/TrainSet/2.静息-非标准/非标准-静息  (22).bmp,2.静息-非标准
../data/TrainSet/2.静息-非标准/非标准-静息  (455).bmp,2.静息-非标准
../data/TrainSet/2.静息-非标准/非标准-静息  (540).bmp,2.静息-非标准
../data/TrainSet/2.静息-非标准/非标准-静息  (1086).bmp,2.静息-非标准
../data/TrainSet/2.静息-非标准/非标准-静息  (721).bmp,2.静息-非标准
../data/TrainSet/2.静息-非标准/非标准-静息  (911).bmp,2.静息-非标准
../data/TrainSet/2.静息-非标准/非标准-静息  (638).bmp,2.静息-非标准
../data/TrainSet/2.静息-非标准/非标准-静息  (1285).bmp,2.静息-非标准
../data/TrainSet/2.静息-非标准/非标准-静息  (823).bmp,2.静息-非标准
../data/TrainSet/2.静息-非标准/非标准-静息  (843).bmp,2.静息-非标准
../data/TrainSet/2.静息-非标准/非标准-静息  (1110).bmp,2.静息-非标准
../data/TrainSet/2.静息-非标准/非标准-静息  (1057).bmp,2.静息-非标准
../data/TrainSet/2.静息-非标准/非标准-静息  (1048).bmp,2.静息-非标准
../data/TrainSet/2.静息-非标准/非标准-静息  (648).bmp,2.静息-非标准
../data/TrainSet/2.静息-非标准/非标准-静息  (1260).bmp,2.静息-非标准
../data/TrainSet/2.静息-非标准/非标准-静息  (121).bmp,2.静息-非标准
../data/TrainSet/2.静息-非标准/非标准-静息  (789).bmp,2.静息-非标准
../data/TrainSet/2.静息-非标准/非标准-静息  (1255).bmp,2.静息-非标准
../data/TrainSet/2.静息-非标准/非标准-静息  (587).bmp,2.静息-非标准
../data/TrainSet/2.静息-非标准/非标准-静息  (292).bmp,2.静息-非标准
../data/TrainSet/2.静息-非标准/非标准-静息  (153).bmp,2.静息-非标准
../data/TrainSet/2.静息-非标准/非标准-静息  (1080).bmp,2.静息-非标准
../data/TrainSet/2.静息-非标准/非标准-静息  (965).bmp,2.静息-非标准
../data/TrainSet/2.静息-非标准/非标准-静息  (1188).bmp,2.静息-非标准
../data/TrainSet/2.静息-非标准/非标准-静息  (135).bmp,2.静息-非标准
../data/TrainSet/2.静息-非标准/非标准-静息  (1443).bmp,2.静息-非标准
../data/TrainSet/2.静息-非标准/非标准-静息  (81).bmp,2.静息-非标准
../data/TrainSet/2.静息-非标准/非标准-静息  (860).bmp,2.静息-非标准
../data/TrainSet/2.静息-非标准/非标准-静息  (1219).bmp,2.静息-非标准
../data/TrainSet/2.静息-非标准/非标准-静息  (403).bmp,2.静息-非标准
../data/TrainSet/2.静息-非标准/非标准-静息  (758).bmp,2.静息-非标准
../data/TrainSet/2.静息-非标准/非标准-静息  (201).bmp,2.静息-非标准
../data/TrainSet/2.静息-非标准/非标准-静息  (1468).bmp,2.静息-非标准
../data/TrainSet/2.静息-非标准/非标准-静息  (430).bmp,2.静息-非标准
../data/TrainSet/2.静息-非标准/非标准-静息  (1135).bmp,2.静息-非标准
../data/TrainSet/2.静息-非标准/非标准-静息  (198).bmp,2.静息-非标准
../data/TrainSet/2.静息-非标准/非标准-静息  (364).bmp,2.静息-非标准
../data/TrainSet/2.静息-非标准/非标准-静息  (1357).bmp,2.静息-非标准
../data/TrainSet/2.静息-非标准/非标准-静息  (85).bmp,2.静息-非标准
../data/TrainSet/2.静息-非标准/非标准-静息  (797).bmp,2.静息-非标准
../data/TrainSet/2.静息-非标准/非标准-静息  (1424).bmp,2.静息-非标准
../data/TrainSet/2.静息-非标准/非标准-静息  (1370).bmp,2.静息-非标准
../data/TrainSet/2.静息-非标准/非标准-静息  (1269).bmp,2.静息-非标准
../data/TrainSet/2.静息-非标准/非标准-静息  (552).bmp,2.静息-非标准
../data/TrainSet/2.静息-非标准/非标准-静息  (1266).bmp,2.静息-非标准
../data/TrainSet/2.静息-非标准/非标准-静息  (137).bmp,2.静息-非标准
../data/TrainSet/2.静息-非标准/非标准-静息  (456).bmp,2.静息-非标准
../data/TrainSet/2.静息-非标准/非标准-静息  (125).bmp,2.静息-非标准
../data/TrainSet/2.静息-非标准/非标准-静息  (1096).bmp,2.静息-非标准
../data/TrainSet/2.静息-非标准/非标准-静息  (521).bmp,2.静息-非标准
../data/TrainSet/2.静息-非标准/非标准-静息  (1355).bmp,2.静息-非标准
../data/TrainSet/2.静息-非标准/非标准-静息  (91).bmp,2.静息-非标准
../data/TrainSet/2.静息-非标准/非标准-静息  (618).bmp,2.静息-非标准
../data/TrainSet/2.静息-非标准/非标准-静息  (499).bmp,2.静息-非标准
../data/TrainSet/2.静息-非标准/非标准-静息  (1068).bmp,2.静息-非标准
../data/TrainSet/2.静息-非标准/非标准-静息  (395).bmp,2.静息-非标准
../data/TrainSet/2.静息-非标准/非标准-静息  (740).bmp,2.静息-非标准
../data/TrainSet/2.静息-非标准/非标准-静息  (762).bmp,2.静息-非标准
../data/TrainSet/2.静息-非标准/非标准-静息  (1236).bmp,2.静息-非标准
../data/TrainSet/2.静息-非标准/非标准-静息  (1387).bmp,2.静息-非标准
../data/TrainSet/2.静息-非标准/非标准-静息  (780).bmp,2.静息-非标准
../data/TrainSet/2.静息-非标准/非标准-静息  (685).bmp,2.静息-非标准
../data/TrainSet/2.静息-非标准/非标准-静息  (1029).bmp,2.静息-非标准
../data/TrainSet/2.静息-非标准/非标准-静息  (1201).bmp,2.静息-非标准
../data/TrainSet/2.静息-非标准/非标准-静息  (498).bmp,2.静息-非标准
../data/TrainSet/2.静息-非标准/非标准-静息  (1152).bmp,2.静息-非标准
../data/TrainSet/2.静息-非标准/非标准-静息  (1167).bmp,2.静息-非标准
../data/TrainSet/2.静息-非标准/非标准-静息  (1407).bmp,2.静息-非标准
../data/TrainSet/2.静息-非标准/非标准-静息  (1399).bmp,2.静息-非标准
../data/TrainSet/2.静息-非标准/非标准-静息  (854).bmp,2.静息-非标准
../data/TrainSet/2.静息-非标准/非标准-静息  (1458).bmp,2.静息-非标准
../data/TrainSet/2.静息-非标准/非标准-静息  (370).bmp,2.静息-非标准
../data/TrainSet/2.静息-非标准/非标准-静息  (905).bmp,2.静息-非标准
../data/TrainSet/2.静息-非标准/非标准-静息  (1192).bmp,2.静息-非标准
../data/TrainSet/2.静息-非标准/非标准-静息  (361).bmp,2.静息-非标准
../data/TrainSet/2.静息-非标准/非标准-静息  (1218).bmp,2.静息-非标准
../data/TrainSet/2.静息-非标准/非标准-静息  (1113).bmp,2.静息-非标准
../data/TrainSet/2.静息-非标准/非标准-静息  (18).bmp,2.静息-非标准
../data/TrainSet/2.静息-非标准/非标准-静息  (349).bmp,2.静息-非标准
../data/TrainSet/2.静息-非标准/非标准-静息  (1196).bmp,2.静息-非标准
../data/TrainSet/2.静息-非标准/非标准-静息  (931).bmp,2.静息-非标准
../data/TrainSet/2.静息-非标准/非标准-静息  (213).bmp,2.静息-非标准
../data/TrainSet/2.静息-非标准/非标准-静息  (1297).bmp,2.静息-非标准
../data/TrainSet/2.静息-非标准/非标准-静息  (1111).bmp,2.静息-非标准
../data/TrainSet/2.静息-非标准/非标准-静息  (149).bmp,2.静息-非标准
../data/TrainSet/2.静息-非标准/非标准-静息  (130).bmp,2.静息-非标准
../data/TrainSet/2.静息-非标准/非标准-静息  (1365).bmp,2.静息-非标准
../data/TrainSet/2.静息-非标准/非标准-静息  (379).bmp,2.静息-非标准
../data/TrainSet/2.静息-非标准/非标准-静息  (1088).bmp,2.静息-非标准
../data/TrainSet/2.静息-非标准/非标准-静息  (930).bmp,2.静息-非标准
../data/TrainSet/2.静息-非标准/非标准-静息  (374).bmp,2.静息-非标准
../data/TrainSet/2.静息-非标准/非标准-静息  (53).bmp,2.静息-非标准
../data/TrainSet/2.静息-非标准/非标准-静息  (708).bmp,2.静息-非标准
../data/TrainSet/2.静息-非标准/非标准-静息  (522).bmp,2.静息-非标准
../data/TrainSet/2.静息-非标准/非标准-静息  (326).bmp,2.静息-非标准
../data/TrainSet/2.静息-非标准/非标准-静息  (1180).bmp,2.静息-非标准
../data/TrainSet/2.静息-非标准/非标准-静息  (1115).bmp,2.静息-非标准
../data/TrainSet/2.静息-非标准/非标准-静息  (1025).bmp,2.静息-非标准
../data/TrainSet/2.静息-非标准/非标准-静息  (394).bmp,2.静息-非标准
../data/TrainSet/2.静息-非标准/非标准-静息  (1368).bmp,2.静息-非标准
../data/TrainSet/2.静息-非标准/非标准-静息  (703).bmp,2.静息-非标准
../data/TrainSet/2.静息-非标准/非标准-静息  (1367).bmp,2.静息-非标准
../data/TrainSet/2.静息-非标准/非标准-静息  (832).bmp,2.静息-非标准
../data/TrainSet/2.静息-非标准/非标准-静息  (1416).bmp,2.静息-非标准
../data/TrainSet/2.静息-非标准/非标准-静息  (507).bmp,2.静息-非标准
../data/TrainSet/2.静息-非标准/非标准-静息  (736).bmp,2.静息-非标准
../data/TrainSet/2.静息-非标准/非标准-静息  (550).bmp,2.静息-非标准
../data/TrainSet/2.静息-非标准/非标准-静息  (1129).bmp,2.静息-非标准
../data/TrainSet/2.静息-非标准/非标准-静息  (1446).bmp,2.静息-非标准
../data/TrainSet/2.静息-非标准/非标准-静息  (126).bmp,2.静息-非标准
../data/TrainSet/2.静息-非标准/非标准-静息  (1216).bmp,2.静息-非标准
../data/TrainSet/2.静息-非标准/非标准-静息  (719).bmp,2.静息-非标准
../data/TrainSet/2.静息-非标准/非标准-静息  (1488).bmp,2.静息-非标准
../data/TrainSet/2.静息-非标准/非标准-静息  (196).bmp,2.静息-非标准
../data/TrainSet/2.静息-非标准/非标准-静息  (809).bmp,2.静息-非标准
../data/TrainSet/2.静息-非标准/非标准-静息  (793).bmp,2.静息-非标准
../data/TrainSet/2.静息-非标准/非标准-静息  (950).bmp,2.静息-非标准
../data/TrainSet/2.静息-非标准/非标准-静息  (1476).bmp,2.静息-非标准
../data/TrainSet/2.静息-非标准/非标准-静息  (763).bmp,2.静息-非标准
../data/TrainSet/2.静息-非标准/非标准-静息  (199).bmp,2.静息-非标准
../data/TrainSet/2.静息-非标准/非标准-静息  (650).bmp,2.静息-非标准
../data/TrainSet/2.静息-非标准/非标准-静息  (948).bmp,2.静息-非标准
../data/TrainSet/2.静息-非标准/非标准-静息  (302).bmp,2.静息-非标准
../data/TrainSet/2.静息-非标准/非标准-静息  (725).bmp,2.静息-非标准
../data/TrainSet/2.静息-非标准/非标准-静息  (452).bmp,2.静息-非标准
../data/TrainSet/2.静息-非标准/非标准-静息  (694).bmp,2.静息-非标准
../data/TrainSet/2.静息-非标准/非标准-静息  (609).bmp,2.静息-非标准
../data/TrainSet/2.静息-非标准/非标准-静息  (165).bmp,2.静息-非标准
../data/TrainSet/2.静息-非标准/非标准-静息  (626).bmp,2.静息-非标准
../data/TrainSet/2.静息-非标准/非标准-静息  (468).bmp,2.静息-非标准
../data/TrainSet/2.静息-非标准/非标准-静息  (1170).bmp,2.静息-非标准
../data/TrainSet/2.静息-非标准/非标准-静息  (1293).bmp,2.静息-非标准
../data/TrainSet/2.静息-非标准/非标准-静息  (129).bmp,2.静息-非标准
../data/TrainSet/2.静息-非标准/非标准-静息  (538).bmp,2.静息-非标准
../data/TrainSet/2.静息-非标准/非标准-静息  (1423).bmp,2.静息-非标准
../data/TrainSet/2.静息-非标准/非标准-静息  (31).bmp,2.静息-非标准
../data/TrainSet/2.静息-非标准/非标准-静息  (319).bmp,2.静息-非标准
../data/TrainSet/2.静息-非标准/非标准-静息  (57).bmp,2.静息-非标准
../data/TrainSet/2.静息-非标准/非标准-静息  (133).bmp,2.静息-非标准
../data/TrainSet/2.静息-非标准/非标准-静息  (731).bmp,2.静息-非标准
../data/TrainSet/2.静息-非标准/非标准-静息  (272).bmp,2.静息-非标准
../data/TrainSet/2.静息-非标准/非标准-静息  (722).bmp,2.静息-非标准
../data/TrainSet/2.静息-非标准/非标准-静息  (717).bmp,2.静息-非标准
../data/TrainSet/2.静息-非标准/非标准-静息  (238).bmp,2.静息-非标准
../data/TrainSet/2.静息-非标准/非标准-静息  (337).bmp,2.静息-非标准
../data/TrainSet/2.静息-非标准/非标准-静息  (465).bmp,2.静息-非标准
../data/TrainSet/2.静息-非标准/非标准-静息  (765).bmp,2.静息-非标准
../data/TrainSet/2.静息-非标准/非标准-静息  (408).bmp,2.静息-非标准
../data/TrainSet/2.静息-非标准/非标准-静息  (661).bmp,2.静息-非标准
../data/TrainSet/2.静息-非标准/非标准-静息  (1487).bmp,2.静息-非标准
../data/TrainSet/2.静息-非标准/非标准-静息  (1248).bmp,2.静息-非标准
../data/TrainSet/2.静息-非标准/非标准-静息  (288).bmp,2.静息-非标准
../data/TrainSet/2.静息-非标准/非标准-静息  (979).bmp,2.静息-非标准
../data/TrainSet/2.静息-非标准/非标准-静息  (846).bmp,2.静息-非标准
../data/TrainSet/2.静息-非标准/非标准-静息  (477).bmp,2.静息-非标准
../data/TrainSet/2.静息-非标准/非标准-静息  (1061).bmp,2.静息-非标准
../data/TrainSet/2.静息-非标准/非标准-静息  (7).bmp,2.静息-非标准
../data/TrainSet/2.静息-非标准/非标准-静息  (1413).bmp,2.静息-非标准
../data/TrainSet/2.静息-非标准/非标准-静息  (44).bmp,2.静息-非标准
../data/TrainSet/2.静息-非标准/非标准-静息  (1271).bmp,2.静息-非标准
../data/TrainSet/2.静息-非标准/非标准-静息  (600).bmp,2.静息-非标准
../data/TrainSet/2.静息-非标准/非标准-静息  (887).bmp,2.静息-非标准
../data/TrainSet/2.静息-非标准/非标准-静息  (502).bmp,2.静息-非标准
../data/TrainSet/2.静息-非标准/非标准-静息  (1243).bmp,2.静息-非标准
../data/TrainSet/2.静息-非标准/非标准-静息  (439).bmp,2.静息-非标准
../data/TrainSet/2.静息-非标准/非标准-静息  (1289).bmp,2.静息-非标准
../data/TrainSet/2.静息-非标准/非标准-静息  (2).bmp,2.静息-非标准
../data/TrainSet/2.静息-非标准/非标准-静息  (654).bmp,2.静息-非标准
../data/TrainSet/2.静息-非标准/非标准-静息  (821).bmp,2.静息-非标准
../data/TrainSet/2.静息-非标准/非标准-静息  (787).bmp,2.静息-非标准
../data/TrainSet/2.静息-非标准/非标准-静息  (184).bmp,2.静息-非标准
../data/TrainSet/2.静息-非标准/非标准-静息  (772).bmp,2.静息-非标准
../data/TrainSet/2.静息-非标准/非标准-静息  (431).bmp,2.静息-非标准
../data/TrainSet/2.静息-非标准/非标准-静息  (516).bmp,2.静息-非标准
../data/TrainSet/2.静息-非标准/非标准-静息  (362).bmp,2.静息-非标准
../data/TrainSet/2.静息-非标准/非标准-静息  (526).bmp,2.静息-非标准
../data/TrainSet/2.静息-非标准/非标准-静息  (667).bmp,2.静息-非标准
../data/TrainSet/2.静息-非标准/非标准-静息  (1209).bmp,2.静息-非标准
../data/TrainSet/2.静息-非标准/非标准-静息  (3).bmp,2.静息-非标准
../data/TrainSet/2.静息-非标准/非标准-静息  (934).bmp,2.静息-非标准
../data/TrainSet/2.静息-非标准/非标准-静息  (987).bmp,2.静息-非标准
../data/TrainSet/2.静息-非标准/非标准-静息  (1295).bmp,2.静息-非标准
../data/TrainSet/2.静息-非标准/非标准-静息  (1012).bmp,2.静息-非标准
../data/TrainSet/2.静息-非标准/非标准-静息  (716).bmp,2.静息-非标准
../data/TrainSet/2.静息-非标准/非标准-静息  (1275).bmp,2.静息-非标准
../data/TrainSet/2.静息-非标准/非标准-静息  (886).bmp,2.静息-非标准
../data/TrainSet/2.静息-非标准/非标准-静息  (1321).bmp,2.静息-非标准
../data/TrainSet/2.静息-非标准/非标准-静息  (751).bmp,2.静息-非标准
../data/TrainSet/2.静息-非标准/非标准-静息  (1203).bmp,2.静息-非标准
../data/TrainSet/2.静息-非标准/非标准-静息  (1283).bmp,2.静息-非标准
../data/TrainSet/2.静息-非标准/非标准-静息  (835).bmp,2.静息-非标准
../data/TrainSet/2.静息-非标准/非标准-静息  (1453).bmp,2.静息-非标准
../data/TrainSet/2.静息-非标准/非标准-静息  (1059).bmp,2.静息-非标准
../data/TrainSet/2.静息-非标准/非标准-静息  (1031).bmp,2.静息-非标准
../data/TrainSet/2.静息-非标准/非标准-静息  (811).bmp,2.静息-非标准
../data/TrainSet/2.静息-非标准/非标准-静息  (1451).bmp,2.静息-非标准
../data/TrainSet/2.静息-非标准/非标准-静息  (305).bmp,2.静息-非标准
../data/TrainSet/2.静息-非标准/非标准-静息  (192).bmp,2.静息-非标准
../data/TrainSet/2.静息-非标准/非标准-静息  (849).bmp,2.静息-非标准
../data/TrainSet/2.静息-非标准/非标准-静息  (897).bmp,2.静息-非标准
../data/TrainSet/2.静息-非标准/非标准-静息  (154).bmp,2.静息-非标准
../data/TrainSet/2.静息-非标准/非标准-静息  (88).bmp,2.静息-非标准
../data/TrainSet/2.静息-非标准/非标准-静息  (640).bmp,2.静息-非标准
../data/TrainSet/2.静息-非标准/非标准-静息  (469).bmp,2.静息-非标准
../data/TrainSet/2.静息-非标准/非标准-静息  (340).bmp,2.静息-非标准
../data/TrainSet/2.静息-非标准/非标准-静息  (482).bmp,2.静息-非标准
../data/TrainSet/2.静息-非标准/非标准-静息  (503).bmp,2.静息-非标准
../data/TrainSet/2.静息-非标准/非标准-静息  (1388).bmp,2.静息-非标准
../data/TrainSet/2.静息-非标准/非标准-静息  (1000).bmp,2.静息-非标准
../data/TrainSet/2.静息-非标准/非标准-静息  (1373).bmp,2.静息-非标准
../data/TrainSet/2.静息-非标准/非标准-静息  (159).bmp,2.静息-非标准
../data/TrainSet/2.静息-非标准/非标准-静息  (873).bmp,2.静息-非标准
../data/TrainSet/2.静息-非标准/非标准-静息  (531).bmp,2.静息-非标准
../data/TrainSet/2.静息-非标准/非标准-静息  (1210).bmp,2.静息-非标准
../data/TrainSet/2.静息-非标准/非标准-静息  (1028).bmp,2.静息-非标准
../data/TrainSet/2.静息-非标准/非标准-静息  (183).bmp,2.静息-非标准
../data/TrainSet/2.静息-非标准/非标准-静息  (951).bmp,2.静息-非标准
../data/TrainSet/2.静息-非标准/非标准-静息  (1043).bmp,2.静息-非标准
../data/TrainSet/2.静息-非标准/非标准-静息  (356).bmp,2.静息-非标准
../data/TrainSet/2.静息-非标准/非标准-静息  (753).bmp,2.静息-非标准
../data/TrainSet/2.静息-非标准/非标准-静息  (734).bmp,2.静息-非标准
../data/TrainSet/2.静息-非标准/非标准-静息  (1202).bmp,2.静息-非标准
../data/TrainSet/2.静息-非标准/非标准-静息  (1095).bmp,2.静息-非标准
../data/TrainSet/2.静息-非标准/非标准-静息  (940).bmp,2.静息-非标准
../data/TrainSet/2.静息-非标准/非标准-静息  (150).bmp,2.静息-非标准
../data/TrainSet/2.静息-非标准/非标准-静息  (833).bmp,2.静息-非标准
../data/TrainSet/2.静息-非标准/非标准-静息  (411).bmp,2.静息-非标准
../data/TrainSet/2.静息-非标准/非标准-静息  (909).bmp,2.静息-非标准
../data/TrainSet/2.静息-非标准/非标准-静息  (39).bmp,2.静息-非标准
../data/TrainSet/2.静息-非标准/非标准-静息  (1469).bmp,2.静息-非标准
../data/TrainSet/2.静息-非标准/非标准-静息  (991).bmp,2.静息-非标准
../data/TrainSet/2.静息-非标准/非标准-静息  (383).bmp,2.静息-非标准
../data/TrainSet/2.静息-非标准/非标准-静息  (277).bmp,2.静息-非标准
../data/TrainSet/2.静息-非标准/非标准-静息  (212).bmp,2.静息-非标准
../data/TrainSet/2.静息-非标准/非标准-静息  (882).bmp,2.静息-非标准
../data/TrainSet/2.静息-非标准/非标准-静息  (95).bmp,2.静息-非标准
../data/TrainSet/2.静息-非标准/非标准-静息  (888).bmp,2.静息-非标准
../data/TrainSet/2.静息-非标准/非标准-静息  (1016).bmp,2.静息-非标准
../data/TrainSet/2.静息-非标准/非标准-静息  (890).bmp,2.静息-非标准
../data/TrainSet/2.静息-非标准/非标准-静息  (1440).bmp,2.静息-非标准
../data/TrainSet/2.静息-非标准/非标准-静息  (1038).bmp,2.静息-非标准
../data/TrainSet/2.静息-非标准/非标准-静息  (1146).bmp,2.静息-非标准
../data/TrainSet/2.静息-非标准/非标准-静息  (1419).bmp,2.静息-非标准
../data/TrainSet/2.静息-非标准/非标准-静息  (766).bmp,2.静息-非标准
../data/TrainSet/2.静息-非标准/非标准-静息  (1362).bmp,2.静息-非标准
../data/TrainSet/2.静息-非标准/非标准-静息  (959).bmp,2.静息-非标准
../data/TrainSet/2.静息-非标准/非标准-静息  (255).bmp,2.静息-非标准
../data/TrainSet/2.静息-非标准/非标准-静息  (440).bmp,2.静息-非标准
../data/TrainSet/2.静息-非标准/非标准-静息  (108).bmp,2.静息-非标准
../data/TrainSet/2.静息-非标准/非标准-静息  (1291).bmp,2.静息-非标准
../data/TrainSet/2.静息-非标准/非标准-静息  (1302).bmp,2.静息-非标准
../data/TrainSet/2.静息-非标准/非标准-静息  (778).bmp,2.静息-非标准
../data/TrainSet/2.静息-非标准/非标准-静息  (1414).bmp,2.静息-非标准
../data/TrainSet/2.静息-非标准/非标准-静息  (94).bmp,2.静息-非标准
../data/TrainSet/2.静息-非标准/非标准-静息  (656).bmp,2.静息-非标准
../data/TrainSet/2.静息-非标准/非标准-静息  (1081).bmp,2.静息-非标准
../data/TrainSet/2.静息-非标准/非标准-静息  (1264).bmp,2.静息-非标准
../data/TrainSet/2.静息-非标准/非标准-静息  (689).bmp,2.静息-非标准
../data/TrainSet/2.静息-非标准/非标准-静息  (960).bmp,2.静息-非标准
../data/TrainSet/2.静息-非标准/非标准-静息  (1131).bmp,2.静息-非标准
../data/TrainSet/2.静息-非标准/非标准-静息  (162).bmp,2.静息-非标准
../data/TrainSet/2.静息-非标准/非标准-静息  (1078).bmp,2.静息-非标准
../data/TrainSet/2.静息-非标准/非标准-静息  (1073).bmp,2.静息-非标准
../data/TrainSet/2.静息-非标准/非标准-静息  (1089).bmp,2.静息-非标准
../data/TrainSet/2.静息-非标准/非标准-静息  (807).bmp,2.静息-非标准
../data/TrainSet/2.静息-非标准/非标准-静息  (604).bmp,2.静息-非标准
../data/TrainSet/2.静息-非标准/非标准-静息  (1002).bmp,2.静息-非标准
../data/TrainSet/2.静息-非标准/非标准-静息  (704).bmp,2.静息-非标准
../data/TrainSet/2.静息-非标准/非标准-静息  (856).bmp,2.静息-非标准
../data/TrainSet/2.静息-非标准/非标准-静息  (472).bmp,2.静息-非标准
../data/TrainSet/2.静息-非标准/非标准-静息  (401).bmp,2.静息-非标准
../data/TrainSet/2.静息-非标准/非标准-静息  (592).bmp,2.静息-非标准
../data/TrainSet/2.静息-非标准/非标准-静息  (1335).bmp,2.静息-非标准
../data/TrainSet/2.静息-非标准/非标准-静息  (1353).bmp,2.静息-非标准
../data/TrainSet/2.静息-非标准/非标准-静息  (871).bmp,2.静息-非标准
../data/TrainSet/2.静息-非标准/非标准-静息  (1336).bmp,2.静息-非标准
../data/TrainSet/2.静息-非标准/非标准-静息  (436).bmp,2.静息-非标准
../data/TrainSet/2.静息-非标准/非标准-静息  (1438).bmp,2.静息-非标准
../data/TrainSet/2.静息-非标准/非标准-静息  (1156).bmp,2.静息-非标准
../data/TrainSet/2.静息-非标准/非标准-静息  (75).bmp,2.静息-非标准
../data/TrainSet/2.静息-非标准/非标准-静息  (1183).bmp,2.静息-非标准
../data/TrainSet/2.静息-非标准/非标准-静息  (400).bmp,2.静息-非标准
../data/TrainSet/2.静息-非标准/非标准-静息  (662).bmp,2.静息-非标准
../data/TrainSet/2.静息-非标准/非标准-静息  (1477).bmp,2.静息-非标准
../data/TrainSet/2.静息-非标准/非标准-静息  (545).bmp,2.静息-非标准
../data/TrainSet/2.静息-非标准/非标准-静息  (984).bmp,2.静息-非标准
../data/TrainSet/2.静息-非标准/非标准-静息  (1004).bmp,2.静息-非标准
../data/TrainSet/2.静息-非标准/非标准-静息  (448).bmp,2.静息-非标准
../data/TrainSet/2.静息-非标准/非标准-静息  (1372).bmp,2.静息-非标准
../data/TrainSet/2.静息-非标准/非标准-静息  (1190).bmp,2.静息-非标准
../data/TrainSet/2.静息-非标准/非标准-静息  (575).bmp,2.静息-非标准
../data/TrainSet/2.静息-非标准/非标准-静息  (256).bmp,2.静息-非标准
../data/TrainSet/2.静息-非标准/非标准-静息  (1331).bmp,2.静息-非标准
../data/TrainSet/2.静息-非标准/非标准-静息  (1313).bmp,2.静息-非标准
../data/TrainSet/2.静息-非标准/非标准-静息  (976).bmp,2.静息-非标准
../data/TrainSet/2.静息-非标准/非标准-静息  (921).bmp,2.静息-非标准
../data/TrainSet/2.静息-非标准/非标准-静息  (672).bmp,2.静息-非标准
../data/TrainSet/2.静息-非标准/非标准-静息  (173).bmp,2.静息-非标准
../data/TrainSet/2.静息-非标准/非标准-静息  (26).bmp,2.静息-非标准
../data/TrainSet/2.静息-非标准/非标准-静息  (747).bmp,2.静息-非标准
../data/TrainSet/2.静息-非标准/非标准-静息  (974).bmp,2.静息-非标准
../data/TrainSet/2.静息-非标准/非标准-静息  (501).bmp,2.静息-非标准
../data/TrainSet/2.静息-非标准/非标准-静息  (678).bmp,2.静息-非标准
../data/TrainSet/2.静息-非标准/非标准-静息  (524).bmp,2.静息-非标准
../data/TrainSet/2.静息-非标准/非标准-静息  (1481).bmp,2.静息-非标准
../data/TrainSet/2.静息-非标准/非标准-静息  (116).bmp,2.静息-非标准
../data/TrainSet/2.静息-非标准/非标准-静息  (750).bmp,2.静息-非标准
../data/TrainSet/2.静息-非标准/非标准-静息  (1366).bmp,2.静息-非标准
../data/TrainSet/2.静息-非标准/非标准-静息  (461).bmp,2.静息-非标准
../data/TrainSet/2.静息-非标准/非标准-静息  (1296).bmp,2.静息-非标准
../data/TrainSet/2.静息-非标准/非标准-静息  (1098).bmp,2.静息-非标准
../data/TrainSet/2.静息-非标准/非标准-静息  (1344).bmp,2.静息-非标准
../data/TrainSet/2.静息-非标准/非标准-静息  (147).bmp,2.静息-非标准
../data/TrainSet/2.静息-非标准/非标准-静息  (850).bmp,2.静息-非标准
../data/TrainSet/2.静息-非标准/非标准-静息  (1444).bmp,2.静息-非标准
../data/TrainSet/2.静息-非标准/非标准-静息  (56).bmp,2.静息-非标准
../data/TrainSet/2.静息-非标准/非标准-静息  (514).bmp,2.静息-非标准
../data/TrainSet/2.静息-非标准/非标准-静息  (329).bmp,2.静息-非标准
../data/TrainSet/2.静息-非标准/非标准-静息  (1320).bmp,2.静息-非标准
../data/TrainSet/2.静息-非标准/非标准-静息  (573).bmp,2.静息-非标准
../data/TrainSet/2.静息-非标准/非标准-静息  (764).bmp,2.静息-非标准
../data/TrainSet/2.静息-非标准/非标准-静息  (858).bmp,2.静息-非标准
../data/TrainSet/2.静息-非标准/非标准-静息  (927).bmp,2.静息-非标准
../data/TrainSet/2.静息-非标准/非标准-静息  (1106).bmp,2.静息-非标准
../data/TrainSet/2.静息-非标准/非标准-静息  (409).bmp,2.静息-非标准
../data/TrainSet/2.静息-非标准/非标准-静息  (1020).bmp,2.静息-非标准
../data/TrainSet/2.静息-非标准/非标准-静息  (190).bmp,2.静息-非标准
../data/TrainSet/2.静息-非标准/非标准-静息  (428).bmp,2.静息-非标准
../data/TrainSet/2.静息-非标准/非标准-静息  (73).bmp,2.静息-非标准
../data/TrainSet/2.静息-非标准/非标准-静息  (1215).bmp,2.静息-非标准
../data/TrainSet/2.静息-非标准/非标准-静息  (1250).bmp,2.静息-非标准
../data/TrainSet/2.静息-非标准/非标准-静息  (760).bmp,2.静息-非标准
../data/TrainSet/2.静息-非标准/非标准-静息  (407).bmp,2.静息-非标准
../data/TrainSet/2.静息-非标准/非标准-静息  (420).bmp,2.静息-非标准
../data/TrainSet/2.静息-非标准/非标准-静息  (1208).bmp,2.静息-非标准
../data/TrainSet/2.静息-非标准/非标准-静息  (723).bmp,2.静息-非标准
../data/TrainSet/2.静息-非标准/非标准-静息  (1046).bmp,2.静息-非标准
../data/TrainSet/2.静息-非标准/非标准-静息  (653).bmp,2.静息-非标准
../data/TrainSet/2.静息-非标准/非标准-静息  (437).bmp,2.静息-非标准
../data/TrainSet/2.静息-非标准/非标准-静息  (966).bmp,2.静息-非标准
../data/TrainSet/2.静息-非标准/非标准-静息  (756).bmp,2.静息-非标准
../data/TrainSet/2.静息-非标准/非标准-静息  (713).bmp,2.静息-非标准
../data/TrainSet/2.静息-非标准/非标准-静息  (1229).bmp,2.静息-非标准
../data/TrainSet/2.静息-非标准/非标准-静息  (543).bmp,2.静息-非标准
../data/TrainSet/2.静息-非标准/非标准-静息  (179).bmp,2.静息-非标准
../data/TrainSet/2.静息-非标准/非标准-静息  (350).bmp,2.静息-非标准
../data/TrainSet/2.静息-非标准/非标准-静息  (679).bmp,2.静息-非标准
../data/TrainSet/2.静息-非标准/非标准-静息  (683).bmp,2.静息-非标准
../data/TrainSet/2.静息-非标准/非标准-静息  (17).bmp,2.静息-非标准
../data/TrainSet/2.静息-非标准/非标准-静息  (676).bmp,2.静息-非标准
../data/TrainSet/2.静息-非标准/非标准-静息  (82).bmp,2.静息-非标准
../data/TrainSet/2.静息-非标准/非标准-静息  (224).bmp,2.静息-非标准
../data/TrainSet/2.静息-非标准/非标准-静息  (981).bmp,2.静息-非标准
../data/TrainSet/2.静息-非标准/非标准-静息  (46).bmp,2.静息-非标准
../data/TrainSet/2.静息-非标准/非标准-静息  (1341).bmp,2.静息-非标准
../data/TrainSet/2.静息-非标准/非标准-静息  (611).bmp,2.静息-非标准
../data/TrainSet/2.静息-非标准/非标准-静息  (805).bmp,2.静息-非标准
../data/TrainSet/2.静息-非标准/非标准-静息  (142).bmp,2.静息-非标准
../data/TrainSet/2.静息-非标准/非标准-静息  (1006).bmp,2.静息-非标准
../data/TrainSet/2.静息-非标准/非标准-静息  (1447).bmp,2.静息-非标准
../data/TrainSet/2.静息-非标准/非标准-静息  (243).bmp,2.静息-非标准
../data/TrainSet/2.静息-非标准/非标准-静息  (1187).bmp,2.静息-非标准
../data/TrainSet/2.静息-非标准/非标准-静息  (768).bmp,2.静息-非标准
../data/TrainSet/2.静息-非标准/非标准-静息  (1221).bmp,2.静息-非标准
../data/TrainSet/2.静息-非标准/非标准-静息  (119).bmp,2.静息-非标准
../data/TrainSet/2.静息-非标准/非标准-静息  (103).bmp,2.静息-非标准
../data/TrainSet/2.静息-非标准/非标准-静息  (1319).bmp,2.静息-非标准
../data/TrainSet/2.静息-非标准/非标准-静息  (488).bmp,2.静息-非标准
../data/TrainSet/2.静息-非标准/非标准-静息  (1125).bmp,2.静息-非标准
../data/TrainSet/2.静息-非标准/非标准-静息  (822).bmp,2.静息-非标准
../data/TrainSet/2.静息-非标准/非标准-静息  (1339).bmp,2.静息-非标准
../data/TrainSet/2.静息-非标准/非标准-静息  (605).bmp,2.静息-非标准
../data/TrainSet/2.静息-非标准/非标准-静息  (355).bmp,2.静息-非标准
../data/TrainSet/2.静息-非标准/非标准-静息  (1449).bmp,2.静息-非标准
../data/TrainSet/2.静息-非标准/非标准-静息  (1412).bmp,2.静息-非标准
../data/TrainSet/2.静息-非标准/非标准-静息  (877).bmp,2.静息-非标准
../data/TrainSet/2.静息-非标准/非标准-静息  (1345).bmp,2.静息-非标准
../data/TrainSet/2.静息-非标准/非标准-静息  (1307).bmp,2.静息-非标准
../data/TrainSet/2.静息-非标准/非标准-静息  (1300).bmp,2.静息-非标准
../data/TrainSet/2.静息-非标准/非标准-静息  (727).bmp,2.静息-非标准
../data/TrainSet/2.静息-非标准/非标准-静息  (1351).bmp,2.静息-非标准
../data/TrainSet/2.静息-非标准/非标准-静息  (193).bmp,2.静息-非标准
../data/TrainSet/2.静息-非标准/非标准-静息  (323).bmp,2.静息-非标准
../data/TrainSet/2.静息-非标准/非标准-静息  (219).bmp,2.静息-非标准
../data/TrainSet/2.静息-非标准/非标准-静息  (639).bmp,2.静息-非标准
../data/TrainSet/2.静息-非标准/非标准-静息  (92).bmp,2.静息-非标准
../data/TrainSet/2.静息-非标准/非标准-静息  (191).bmp,2.静息-非标准
../data/TrainSet/2.静息-非标准/非标准-静息  (669).bmp,2.静息-非标准
../data/TrainSet/2.静息-非标准/非标准-静息  (65).bmp,2.静息-非标准
../data/TrainSet/2.静息-非标准/非标准-静息  (419).bmp,2.静息-非标准
../data/TrainSet/2.静息-非标准/非标准-静息  (613).bmp,2.静息-非标准
../data/TrainSet/2.静息-非标准/非标准-静息  (677).bmp,2.静息-非标准
../data/TrainSet/2.静息-非标准/非标准-静息  (480).bmp,2.静息-非标准
../data/TrainSet/2.静息-非标准/非标准-静息  (131).bmp,2.静息-非标准
../data/TrainSet/2.静息-非标准/非标准-静息  (405).bmp,2.静息-非标准
../data/TrainSet/2.静息-非标准/非标准-静息  (928).bmp,2.静息-非标准
../data/TrainSet/2.静息-非标准/非标准-静息  (1217).bmp,2.静息-非标准
../data/TrainSet/2.静息-非标准/非标准-静息  (83).bmp,2.静息-非标准
../data/TrainSet/2.静息-非标准/非标准-静息  (698).bmp,2.静息-非标准
../data/TrainSet/2.静息-非标准/非标准-静息  (1400).bmp,2.静息-非标准
../data/TrainSet/2.静息-非标准/非标准-静息  (1463).bmp,2.静息-非标准
../data/TrainSet/2.静息-非标准/非标准-静息  (497).bmp,2.静息-非标准
../data/TrainSet/2.静息-非标准/非标准-静息  (688).bmp,2.静息-非标准
../data/TrainSet/2.静息-非标准/非标准-静息  (961).bmp,2.静息-非标准
../data/TrainSet/2.静息-非标准/非标准-静息  (1104).bmp,2.静息-非标准
../data/TrainSet/2.静息-非标准/非标准-静息  (665).bmp,2.静息-非标准
../data/TrainSet/2.静息-非标准/非标准-静息  (470).bmp,2.静息-非标准
../data/TrainSet/2.静息-非标准/非标准-静息  (197).bmp,2.静息-非标准
../data/TrainSet/2.静息-非标准/非标准-静息  (880).bmp,2.静息-非标准
../data/TrainSet/2.静息-非标准/非标准-静息  (608).bmp,2.静息-非标准
../data/TrainSet/2.静息-非标准/非标准-静息  (299).bmp,2.静息-非标准
../data/TrainSet/2.静息-非标准/非标准-静息  (802).bmp,2.静息-非标准
../data/TrainSet/2.静息-非标准/非标准-静息  (742).bmp,2.静息-非标准
../data/TrainSet/2.静息-非标准/非标准-静息  (595).bmp,2.静息-非标准
../data/TrainSet/2.静息-非标准/非标准-静息  (464).bmp,2.静息-非标准
../data/TrainSet/2.静息-非标准/非标准-静息  (442).bmp,2.静息-非标准
../data/TrainSet/2.静息-非标准/非标准-静息  (1065).bmp,2.静息-非标准
../data/TrainSet/2.静息-非标准/非标准-静息  (903).bmp,2.静息-非标准
../data/TrainSet/2.静息-非标准/非标准-静息  (104).bmp,2.静息-非标准
../data/TrainSet/2.静息-非标准/非标准-静息  (99).bmp,2.静息-非标准
../data/TrainSet/2.静息-非标准/非标准-静息  (1439).bmp,2.静息-非标准
../data/TrainSet/2.静息-非标准/非标准-静息  (264).bmp,2.静息-非标准
../data/TrainSet/2.静息-非标准/非标准-静息  (247).bmp,2.静息-非标准
../data/TrainSet/2.静息-非标准/非标准-静息  (826).bmp,2.静息-非标准
../data/TrainSet/2.静息-非标准/非标准-静息  (384).bmp,2.静息-非标准
../data/TrainSet/2.静息-非标准/非标准-静息  (1462).bmp,2.静息-非标准
../data/TrainSet/2.静息-非标准/非标准-静息  (61).bmp,2.静息-非标准
../data/TrainSet/2.静息-非标准/非标准-静息  (993).bmp,2.静息-非标准
../data/TrainSet/2.静息-非标准/非标准-静息  (128).bmp,2.静息-非标准
../data/TrainSet/2.静息-非标准/非标准-静息  (106).bmp,2.静息-非标准
../data/TrainSet/2.静息-非标准/非标准-静息  (177).bmp,2.静息-非标准
../data/TrainSet/2.静息-非标准/非标准-静息  (1114).bmp,2.静息-非标准
../data/TrainSet/2.静息-非标准/非标准-静息  (84).bmp,2.静息-非标准
../data/TrainSet/2.静息-非标准/非标准-静息  (670).bmp,2.静息-非标准
../data/TrainSet/2.静息-非标准/非标准-静息  (1371).bmp,2.静息-非标准
../data/TrainSet/2.静息-非标准/非标准-静息  (1199).bmp,2.静息-非标准
../data/TrainSet/2.静息-非标准/非标准-静息  (528).bmp,2.静息-非标准
../data/TrainSet/2.静息-非标准/非标准-静息  (1263).bmp,2.静息-非标准
../data/TrainSet/2.静息-非标准/非标准-静息  (332).bmp,2.静息-非标准
../data/TrainSet/2.静息-非标准/非标准-静息  (1103).bmp,2.静息-非标准
../data/TrainSet/2.静息-非标准/非标准-静息  (1092).bmp,2.静息-非标准
../data/TrainSet/2.静息-非标准/非标准-静息  (1396).bmp,2.静息-非标准
../data/TrainSet/2.静息-非标准/非标准-静息  (416).bmp,2.静息-非标准
../data/TrainSet/2.静息-非标准/非标准-静息  (1011).bmp,2.静息-非标准
../data/TrainSet/2.静息-非标准/非标准-静息  (818).bmp,2.静息-非标准
../data/TrainSet/2.静息-非标准/非标准-静息  (635).bmp,2.静息-非标准
../data/TrainSet/2.静息-非标准/非标准-静息  (1109).bmp,2.静息-非标准
../data/TrainSet/2.静息-非标准/非标准-静息  (1359).bmp,2.静息-非标准
../data/TrainSet/2.静息-非标准/非标准-静息  (1101).bmp,2.静息-非标准
../data/TrainSet/2.静息-非标准/非标准-静息  (864).bmp,2.静息-非标准
../data/TrainSet/2.静息-非标准/非标准-静息  (1374).bmp,2.静息-非标准
../data/TrainSet/2.静息-非标准/非标准-静息  (630).bmp,2.静息-非标准
../data/TrainSet/2.静息-非标准/非标准-静息  (1497).bmp,2.静息-非标准
../data/TrainSet/2.静息-非标准/非标准-静息  (271).bmp,2.静息-非标准
../data/TrainSet/2.静息-非标准/非标准-静息  (166).bmp,2.静息-非标准
../data/TrainSet/2.静息-非标准/非标准-静息  (169).bmp,2.静息-非标准
../data/TrainSet/2.静息-非标准/非标准-静息  (359).bmp,2.静息-非标准
../data/TrainSet/2.静息-非标准/非标准-静息  (259).bmp,2.静息-非标准
../data/TrainSet/2.静息-非标准/非标准-静息  (838).bmp,2.静息-非标准
../data/TrainSet/2.静息-非标准/非标准-静息  (504).bmp,2.静息-非标准
../data/TrainSet/2.静息-非标准/非标准-静息  (237).bmp,2.静息-非标准
../data/TrainSet/2.静息-非标准/非标准-静息  (322).bmp,2.静息-非标准
../data/TrainSet/2.静息-非标准/非标准-静息  (258).bmp,2.静息-非标准
../data/TrainSet/2.静息-非标准/非标准-静息  (467).bmp,2.静息-非标准
../data/TrainSet/2.静息-非标准/非标准-静息  (715).bmp,2.静息-非标准
../data/TrainSet/2.静息-非标准/非标准-静息  (181).bmp,2.静息-非标准
../data/TrainSet/2.静息-非标准/非标准-静息  (1189).bmp,2.静息-非标准
../data/TrainSet/2.静息-非标准/非标准-静息  (93).bmp,2.静息-非标准
../data/TrainSet/2.静息-非标准/非标准-静息  (1249).bmp,2.静息-非标准
../data/TrainSet/2.静息-非标准/非标准-静息  (398).bmp,2.静息-非标准
../data/TrainSet/2.静息-非标准/非标准-静息  (483).bmp,2.静息-非标准
../data/TrainSet/2.静息-非标准/非标准-静息  (1204).bmp,2.静息-非标准
../data/TrainSet/2.静息-非标准/非标准-静息  (1483).bmp,2.静息-非标准
../data/TrainSet/2.静息-非标准/非标准-静息  (225).bmp,2.静息-非标准
../data/TrainSet/2.静息-非标准/非标准-静息  (1027).bmp,2.静息-非标准
../data/TrainSet/2.静息-非标准/非标准-静息  (578).bmp,2.静息-非标准
../data/TrainSet/2.静息-非标准/非标准-静息  (1425).bmp,2.静息-非标准
../data/TrainSet/2.静息-非标准/非标准-静息  (1050).bmp,2.静息-非标准
../data/TrainSet/2.静息-非标准/非标准-静息  (143).bmp,2.静息-非标准
../data/TrainSet/2.静息-非标准/非标准-静息  (982).bmp,2.静息-非标准
../data/TrainSet/2.静息-非标准/非标准-静息  (1347).bmp,2.静息-非标准
../data/TrainSet/2.静息-非标准/非标准-静息  (1062).bmp,2.静息-非标准
../data/TrainSet/2.静息-非标准/非标准-静息  (1009).bmp,2.静息-非标准
../data/TrainSet/2.静息-非标准/非标准-静息  (1124).bmp,2.静息-非标准
../data/TrainSet/2.静息-非标准/非标准-静息  (223).bmp,2.静息-非标准
../data/TrainSet/2.静息-非标准/非标准-静息  (273).bmp,2.静息-非标准
../data/TrainSet/2.静息-非标准/非标准-静息  (484).bmp,2.静息-非标准
../data/TrainSet/2.静息-非标准/非标准-静息  (1349).bmp,2.静息-非标准
../data/TrainSet/2.静息-非标准/非标准-静息  (709).bmp,2.静息-非标准
../data/TrainSet/2.静息-非标准/非标准-静息  (827).bmp,2.静息-非标准
../data/TrainSet/2.静息-非标准/非标准-静息  (42).bmp,2.静息-非标准
../data/TrainSet/2.静息-非标准/非标准-静息  (1454).bmp,2.静息-非标准
../data/TrainSet/2.静息-非标准/非标准-静息  (1352).bmp,2.静息-非标准
../data/TrainSet/2.静息-非标准/非标准-静息  (901).bmp,2.静息-非标准
../data/TrainSet/2.静息-非标准/非标准-静息  (947).bmp,2.静息-非标准
../data/TrainSet/2.静息-非标准/非标准-静息  (1134).bmp,2.静息-非标准
../data/TrainSet/2.静息-非标准/非标准-静息  (682).bmp,2.静息-非标准
../data/TrainSet/2.静息-非标准/非标准-静息  (1309).bmp,2.静息-非标准
../data/TrainSet/2.静息-非标准/非标准-静息  (637).bmp,2.静息-非标准
../data/TrainSet/2.静息-非标准/非标准-静息  (899).bmp,2.静息-非标准
../data/TrainSet/2.静息-非标准/非标准-静息  (52).bmp,2.静息-非标准
../data/TrainSet/2.静息-非标准/非标准-静息  (1267).bmp,2.静息-非标准
../data/TrainSet/2.静息-非标准/非标准-静息  (1175).bmp,2.静息-非标准
../data/TrainSet/2.静息-非标准/非标准-静息  (136).bmp,2.静息-非标准
../data/TrainSet/2.静息-非标准/非标准-静息  (628).bmp,2.静息-非标准
../data/TrainSet/2.静息-非标准/非标准-静息  (1281).bmp,2.静息-非标准
../data/TrainSet/2.静息-非标准/非标准-静息  (919).bmp,2.静息-非标准
../data/TrainSet/2.静息-非标准/非标准-静息  (1085).bmp,2.静息-非标准
../data/TrainSet/2.静息-非标准/非标准-静息  (1179).bmp,2.静息-非标准
../data/TrainSet/2.静息-非标准/非标准-静息  (360).bmp,2.静息-非标准
../data/TrainSet/2.静息-非标准/非标准-静息  (844).bmp,2.静息-非标准
../data/TrainSet/2.静息-非标准/非标准-静息  (518).bmp,2.静息-非标准
../data/TrainSet/2.静息-非标准/非标准-静息  (218).bmp,2.静息-非标准
../data/TrainSet/2.静息-非标准/非标准-静息  (9).bmp,2.静息-非标准
../data/TrainSet/2.静息-非标准/非标准-静息  (222).bmp,2.静息-非标准
../data/TrainSet/2.静息-非标准/非标准-静息  (1274).bmp,2.静息-非标准
../data/TrainSet/2.静息-非标准/非标准-静息  (594).bmp,2.静息-非标准
../data/TrainSet/2.静息-非标准/非标准-静息  (172).bmp,2.静息-非标准
../data/TrainSet/2.静息-非标准/非标准-静息  (977).bmp,2.静息-非标准
../data/TrainSet/2.静息-非标准/非标准-静息  (547).bmp,2.静息-非标准
../data/TrainSet/2.静息-非标准/非标准-静息  (800).bmp,2.静息-非标准
../data/TrainSet/2.静息-非标准/非标准-静息  (1442).bmp,2.静息-非标准
../data/TrainSet/2.静息-非标准/非标准-静息  (47).bmp,2.静息-非标准
../data/TrainSet/2.静息-非标准/非标准-静息  (824).bmp,2.静息-非标准
../data/TrainSet/2.静息-非标准/非标准-静息  (771).bmp,2.静息-非标准
../data/TrainSet/2.静息-非标准/非标准-静息  (475).bmp,2.静息-非标准
../data/TrainSet/2.静息-非标准/非标准-静息  (208).bmp,2.静息-非标准
../data/TrainSet/2.静息-非标准/非标准-静息  (1482).bmp,2.静息-非标准
../data/TrainSet/2.静息-非标准/非标准-静息  (1432).bmp,2.静息-非标准
../data/TrainSet/2.静息-非标准/非标准-静息  (1212).bmp,2.静息-非标准
../data/TrainSet/2.静息-非标准/非标准-静息  (553).bmp,2.静息-非标准
../data/TrainSet/2.静息-非标准/非标准-静息  (1137).bmp,2.静息-非标准
../data/TrainSet/2.静息-非标准/非标准-静息  (1245).bmp,2.静息-非标准
../data/TrainSet/2.静息-非标准/非标准-静息  (933).bmp,2.静息-非标准
../data/TrainSet/2.静息-非标准/非标准-静息  (1408).bmp,2.静息-非标准
../data/TrainSet/2.静息-非标准/非标准-静息  (478).bmp,2.静息-非标准
../data/TrainSet/2.静息-非标准/非标准-静息  (1311).bmp,2.静息-非标准
../data/TrainSet/2.静息-非标准/非标准-静息  (1452).bmp,2.静息-非标准
../data/TrainSet/2.静息-非标准/非标准-静息  (602).bmp,2.静息-非标准
../data/TrainSet/2.静息-非标准/非标准-静息  (816).bmp,2.静息-非标准
../data/TrainSet/2.静息-非标准/非标准-静息  (59).bmp,2.静息-非标准
../data/TrainSet/2.静息-非标准/非标准-静息  (358).bmp,2.静息-非标准
../data/TrainSet/2.静息-非标准/非标准-静息  (1402).bmp,2.静息-非标准
../data/TrainSet/2.静息-非标准/非标准-静息  (900).bmp,2.静息-非标准
../data/TrainSet/2.静息-非标准/非标准-静息  (1164).bmp,2.静息-非标准
../data/TrainSet/2.静息-非标准/非标准-静息  (1381).bmp,2.静息-非标准
../data/TrainSet/2.静息-非标准/非标准-静息  (244).bmp,2.静息-非标准
../data/TrainSet/2.静息-非标准/非标准-静息  (1177).bmp,2.静息-非标准
../data/TrainSet/2.静息-非标准/非标准-静息  (251).bmp,2.静息-非标准
../data/TrainSet/2.静息-非标准/非标准-静息  (1280).bmp,2.静息-非标准
../data/TrainSet/2.静息-非标准/非标准-静息  (281).bmp,2.静息-非标准
../data/TrainSet/2.静息-非标准/非标准-静息  (1195).bmp,2.静息-非标准
../data/TrainSet/2.静息-非标准/非标准-静息  (367).bmp,2.静息-非标准
../data/TrainSet/2.静息-非标准/非标准-静息  (1058).bmp,2.静息-非标准
../data/TrainSet/2.静息-非标准/非标准-静息  (373).bmp,2.静息-非标准
../data/TrainSet/2.静息-非标准/非标准-静息  (863).bmp,2.静息-非标准
../data/TrainSet/2.静息-非标准/非标准-静息  (1327).bmp,2.静息-非标准
../data/TrainSet/2.静息-非标准/非标准-静息  (29).bmp,2.静息-非标准
../data/TrainSet/2.静息-非标准/非标准-静息  (1149).bmp,2.静息-非标准
../data/TrainSet/2.静息-非标准/非标准-静息  (276).bmp,2.静息-非标准
../data/TrainSet/2.静息-非标准/非标准-静息  (814).bmp,2.静息-非标准
../data/TrainSet/2.静息-非标准/非标准-静息  (589).bmp,2.静息-非标准
../data/TrainSet/2.静息-非标准/非标准-静息  (1154).bmp,2.静息-非标准
../data/TrainSet/2.静息-非标准/非标准-静息  (1151).bmp,2.静息-非标准
../data/TrainSet/2.静息-非标准/非标准-静息  (779).bmp,2.静息-非标准
../data/TrainSet/2.静息-非标准/非标准-静息  (490).bmp,2.静息-非标准
../data/TrainSet/2.静息-非标准/非标准-静息  (1292).bmp,2.静息-非标准
../data/TrainSet/2.静息-非标准/非标准-静息  (102).bmp,2.静息-非标准
../data/TrainSet/2.静息-非标准/非标准-静息  (813).bmp,2.静息-非标准
../data/TrainSet/2.静息-非标准/非标准-静息  (1324).bmp,2.静息-非标准
../data/TrainSet/2.静息-非标准/非标准-静息  (58).bmp,2.静息-非标准
../data/TrainSet/2.静息-非标准/非标准-静息  (371).bmp,2.静息-非标准
../data/TrainSet/2.静息-非标准/非标准-静息  (86).bmp,2.静息-非标准
../data/TrainSet/2.静息-非标准/非标准-静息  (473).bmp,2.静息-非标准
../data/TrainSet/2.静息-非标准/非标准-静息  (391).bmp,2.静息-非标准
../data/TrainSet/2.静息-非标准/非标准-静息  (1284).bmp,2.静息-非标准
../data/TrainSet/2.静息-非标准/非标准-静息  (414).bmp,2.静息-非标准
../data/TrainSet/2.静息-非标准/非标准-静息  (74).bmp,2.静息-非标准
../data/TrainSet/2.静息-非标准/非标准-静息  (571).bmp,2.静息-非标准
../data/TrainSet/2.静息-非标准/非标准-静息  (922).bmp,2.静息-非标准
../data/TrainSet/2.静息-非标准/非标准-静息  (584).bmp,2.静息-非标准
../data/TrainSet/2.静息-非标准/非标准-静息  (994).bmp,2.静息-非标准
../data/TrainSet/2.静息-非标准/非标准-静息  (702).bmp,2.静息-非标准
../data/TrainSet/2.静息-非标准/非标准-静息  (1055).bmp,2.静息-非标准
../data/TrainSet/2.静息-非标准/非标准-静息  (1258).bmp,2.静息-非标准
../data/TrainSet/2.静息-非标准/非标准-静息  (328).bmp,2.静息-非标准
../data/TrainSet/2.静息-非标准/非标准-静息  (236).bmp,2.静息-非标准
../data/TrainSet/2.静息-非标准/非标准-静息  (591).bmp,2.静息-非标准
../data/TrainSet/2.静息-非标准/非标准-静息  (646).bmp,2.静息-非标准
../data/TrainSet/2.静息-非标准/非标准-静息  (185).bmp,2.静息-非标准
../data/TrainSet/2.静息-非标准/非标准-静息  (1087).bmp,2.静息-非标准
../data/TrainSet/2.静息-非标准/非标准-静息  (881).bmp,2.静息-非标准
../data/TrainSet/2.静息-非标准/非标准-静息  (1138).bmp,2.静息-非标准
../data/TrainSet/2.静息-非标准/非标准-静息  (935).bmp,2.静息-非标准
../data/TrainSet/2.静息-非标准/非标准-静息  (1205).bmp,2.静息-非标准
../data/TrainSet/2.静息-非标准/非标准-静息  (784).bmp,2.静息-非标准
../data/TrainSet/2.静息-非标准/非标准-静息  (410).bmp,2.静息-非标准
../data/TrainSet/2.静息-非标准/非标准-静息  (711).bmp,2.静息-非标准
../data/TrainSet/2.静息-非标准/非标准-静息  (314).bmp,2.静息-非标准
../data/TrainSet/2.静息-非标准/非标准-静息  (346).bmp,2.静息-非标准
../data/TrainSet/2.静息-非标准/非标准-静息  (964).bmp,2.静息-非标准
../data/TrainSet/2.静息-非标准/非标准-静息  (1305).bmp,2.静息-非标准
../data/TrainSet/2.静息-非标准/非标准-静息  (798).bmp,2.静息-非标准
../data/TrainSet/2.静息-非标准/非标准-静息  (998).bmp,2.静息-非标准
../data/TrainSet/2.静息-非标准/非标准-静息  (167).bmp,2.静息-非标准
../data/TrainSet/2.静息-非标准/非标准-静息  (176).bmp,2.静息-非标准
../data/TrainSet/2.静息-非标准/非标准-静息  (1099).bmp,2.静息-非标准
../data/TrainSet/2.静息-非标准/非标准-静息  (1492).bmp,2.静息-非标准
../data/TrainSet/2.静息-非标准/非标准-静息  (109).bmp,2.静息-非标准
../data/TrainSet/2.静息-非标准/非标准-静息  (1166).bmp,2.静息-非标准
../data/TrainSet/2.静息-非标准/非标准-静息  (412).bmp,2.静息-非标准
../data/TrainSet/2.静息-非标准/非标准-静息  (1278).bmp,2.静息-非标准
../data/TrainSet/2.静息-非标准/非标准-静息  (1378).bmp,2.静息-非标准
../data/TrainSet/2.静息-非标准/非标准-静息  (898).bmp,2.静息-非标准
../data/TrainSet/2.静息-非标准/非标准-静息  (306).bmp,2.静息-非标准
../data/TrainSet/2.静息-非标准/非标准-静息  (1072).bmp,2.静息-非标准
../data/TrainSet/2.静息-非标准/非标准-静息  (924).bmp,2.静息-非标准
../data/TrainSet/2.静息-非标准/非标准-静息  (761).bmp,2.静息-非标准
../data/TrainSet/2.静息-非标准/非标准-静息  (936).bmp,2.静息-非标准
../data/TrainSet/2.静息-非标准/非标准-静息  (278).bmp,2.静息-非标准
../data/TrainSet/2.静息-非标准/非标准-静息  (1032).bmp,2.静息-非标准
../data/TrainSet/2.静息-非标准/非标准-静息  (675).bmp,2.静息-非标准
../data/TrainSet/2.静息-非标准/非标准-静息  (1272).bmp,2.静息-非标准
../data/TrainSet/2.静息-非标准/非标准-静息  (1193).bmp,2.静息-非标准
../data/TrainSet/2.静息-非标准/非标准-静息  (707).bmp,2.静息-非标准
../data/TrainSet/2.静息-非标准/非标准-静息  (1426).bmp,2.静息-非标准
../data/TrainSet/2.静息-非标准/非标准-静息  (1176).bmp,2.静息-非标准
../data/TrainSet/2.静息-非标准/非标准-静息  (1306).bmp,2.静息-非标准
../data/TrainSet/2.静息-非标准/非标准-静息  (339).bmp,2.静息-非标准
../data/TrainSet/2.静息-非标准/非标准-静息  (98).bmp,2.静息-非标准
../data/TrainSet/2.静息-非标准/非标准-静息  (577).bmp,2.静息-非标准
../data/TrainSet/2.静息-非标准/非标准-静息  (1060).bmp,2.静息-非标准
../data/TrainSet/2.静息-非标准/非标准-静息  (6).bmp,2.静息-非标准
../data/TrainSet/2.静息-非标准/非标准-静息  (701).bmp,2.静息-非标准
../data/TrainSet/2.静息-非标准/非标准-静息  (1473).bmp,2.静息-非标准
../data/TrainSet/2.静息-非标准/非标准-静息  (1117).bmp,2.静息-非标准
../data/TrainSet/2.静息-非标准/非标准-静息  (615).bmp,2.静息-非标准
../data/TrainSet/2.静息-非标准/非标准-静息  (333).bmp,2.静息-非标准
../data/TrainSet/2.静息-非标准/非标准-静息  (38).bmp,2.静息-非标准
../data/TrainSet/2.静息-非标准/非标准-静息  (848).bmp,2.静息-非标准
../data/TrainSet/2.静息-非标准/非标准-静息  (1014).bmp,2.静息-非标准
../data/TrainSet/2.静息-非标准/非标准-静息  (261).bmp,2.静息-非标准
../data/TrainSet/2.静息-非标准/非标准-静息  (324).bmp,2.静息-非标准
../data/TrainSet/2.静息-非标准/非标准-静息  (60).bmp,2.静息-非标准
../data/TrainSet/2.静息-非标准/非标准-静息  (1328).bmp,2.静息-非标准
../data/TrainSet/2.静息-非标准/非标准-静息  (263).bmp,2.静息-非标准
../data/TrainSet/2.静息-非标准/非标准-静息  (1079).bmp,2.静息-非标准
../data/TrainSet/2.静息-非标准/非标准-静息  (1053).bmp,2.静息-非标准
../data/TrainSet/2.静息-非标准/非标准-静息  (286).bmp,2.静息-非标准
../data/TrainSet/2.静息-非标准/非标准-静息  (311).bmp,2.静息-非标准
../data/TrainSet/2.静息-非标准/非标准-静息  (837).bmp,2.静息-非标准
../data/TrainSet/2.静息-非标准/非标准-静息  (97).bmp,2.静息-非标准
../data/TrainSet/2.静息-非标准/非标准-静息  (310).bmp,2.静息-非标准
../data/TrainSet/2.静息-非标准/非标准-静息  (1153).bmp,2.静息-非标准
../data/TrainSet/2.静息-非标准/非标准-静息  (938).bmp,2.静息-非标准
../data/TrainSet/2.静息-非标准/非标准-静息  (1165).bmp,2.静息-非标准
../data/TrainSet/2.静息-非标准/非标准-静息  (1277).bmp,2.静息-非标准
../data/TrainSet/2.静息-非标准/非标准-静息  (776).bmp,2.静息-非标准
../data/TrainSet/2.静息-非标准/非标准-静息  (1421).bmp,2.静息-非标准
../data/TrainSet/2.静息-非标准/非标准-静息  (313).bmp,2.静息-非标准
../data/TrainSet/2.静息-非标准/非标准-静息  (1145).bmp,2.静息-非标准
../data/TrainSet/2.静息-非标准/非标准-静息  (432).bmp,2.静息-非标准
../data/TrainSet/2.静息-非标准/非标准-静息  (1171).bmp,2.静息-非标准
../data/TrainSet/2.静息-非标准/非标准-静息  (643).bmp,2.静息-非标准
../data/TrainSet/2.静息-非标准/非标准-静息  (1036).bmp,2.静息-非标准
../data/TrainSet/2.静息-非标准/非标准-静息  (140).bmp,2.静息-非标准
../data/TrainSet/2.静息-非标准/非标准-静息  (819).bmp,2.静息-非标准
../data/TrainSet/2.静息-非标准/非标准-静息  (541).bmp,2.静息-非标准
../data/TrainSet/2.静息-非标准/非标准-静息  (943).bmp,2.静息-非标准
../data/TrainSet/2.静息-非标准/非标准-静息  (49).bmp,2.静息-非标准
../data/TrainSet/2.静息-非标准/非标准-静息  (1356).bmp,2.静息-非标准
../data/TrainSet/2.静息-非标准/非标准-静息  (1015).bmp,2.静息-非标准
../data/TrainSet/2.静息-非标准/非标准-静息  (489).bmp,2.静息-非标准
../data/TrainSet/2.静息-非标准/非标准-静息  (155).bmp,2.静息-非标准
../data/TrainSet/2.静息-非标准/非标准-静息  (557).bmp,2.静息-非标准
../data/TrainSet/2.静息-非标准/非标准-静息  (733).bmp,2.静息-非标准
../data/TrainSet/2.静息-非标准/非标准-静息  (1123).bmp,2.静息-非标准
../data/TrainSet/2.静息-非标准/非标准-静息  (1325).bmp,2.静息-非标准
../data/TrainSet/2.静息-非标准/非标准-静息  (312).bmp,2.静息-非标准
../data/TrainSet/2.静息-非标准/非标准-静息  (317).bmp,2.静息-非标准
../data/TrainSet/2.静息-非标准/非标准-静息  (1478).bmp,2.静息-非标准
../data/TrainSet/2.静息-非标准/非标准-静息  (755).bmp,2.静息-非标准
../data/TrainSet/2.静息-非标准/非标准-静息  (737).bmp,2.静息-非标准
../data/TrainSet/2.静息-非标准/非标准-静息  (894).bmp,2.静息-非标准
../data/TrainSet/2.静息-非标准/非标准-静息  (767).bmp,2.静息-非标准
../data/TrainSet/2.静息-非标准/非标准-静息  (660).bmp,2.静息-非标准
../data/TrainSet/2.静息-非标准/非标准-静息  (649).bmp,2.静息-非标准
../data/TrainSet/2.静息-非标准/非标准-静息  (866).bmp,2.静息-非标准
../data/TrainSet/2.静息-非标准/非标准-静息  (535).bmp,2.静息-非标准
../data/TrainSet/2.静息-非标准/非标准-静息  (840).bmp,2.静息-非标准
../data/TrainSet/2.静息-非标准/非标准-静息  (729).bmp,2.静息-非标准
../data/TrainSet/2.静息-非标准/非标准-静息  (1346).bmp,2.静息-非标准
../data/TrainSet/2.静息-非标准/非标准-静息  (352).bmp,2.静息-非标准
../data/TrainSet/2.静息-非标准/非标准-静息  (962).bmp,2.静息-非标准
../data/TrainSet/2.静息-非标准/非标准-静息  (567).bmp,2.静息-非标准
../data/TrainSet/2.静息-非标准/非标准-静息  (194).bmp,2.静息-非标准
../data/TrainSet/2.静息-非标准/非标准-静息  (446).bmp,2.静息-非标准
../data/TrainSet/2.静息-非标准/非标准-静息  (145).bmp,2.静息-非标准
../data/TrainSet/2.静息-非标准/非标准-静息  (537).bmp,2.静息-非标准
../data/TrainSet/2.静息-非标准/非标准-静息  (1486).bmp,2.静息-非标准
../data/TrainSet/2.静息-非标准/非标准-静息  (633).bmp,2.静息-非标准
../data/TrainSet/2.静息-非标准/非标准-静息  (1140).bmp,2.静息-非标准
../data/TrainSet/2.静息-非标准/非标准-静息  (782).bmp,2.静息-非标准
../data/TrainSet/2.静息-非标准/非标准-静息  (283).bmp,2.静息-非标准
../data/TrainSet/2.静息-非标准/非标准-静息  (1120).bmp,2.静息-非标准
../data/TrainSet/2.静息-非标准/非标准-静息  (700).bmp,2.静息-非标准
../data/TrainSet/2.静息-非标准/非标准-静息  (690).bmp,2.静息-非标准
../data/TrainSet/2.静息-非标准/非标准-静息  (28).bmp,2.静息-非标准
../data/TrainSet/2.静息-非标准/非标准-静息  (1315).bmp,2.静息-非标准
../data/TrainSet/2.静息-非标准/非标准-静息  (680).bmp,2.静息-非标准
../data/TrainSet/2.静息-非标准/非标准-静息  (1433).bmp,2.静息-非标准
../data/TrainSet/2.静息-非标准/非标准-静息  (973).bmp,2.静息-非标准
../data/TrainSet/2.静息-非标准/非标准-静息  (975).bmp,2.静息-非标准
../data/TrainSet/2.静息-非标准/非标准-静息  (883).bmp,2.静息-非标准
../data/TrainSet/2.静息-非标准/非标准-静息  (885).bmp,2.静息-非标准
../data/TrainSet/2.静息-非标准/非标准-静息  (878).bmp,2.静息-非标准
../data/TrainSet/2.静息-非标准/非标准-静息  (254).bmp,2.静息-非标准
../data/TrainSet/2.静息-非标准/非标准-静息  (1102).bmp,2.静息-非标准
../data/TrainSet/2.静息-非标准/非标准-静息  (937).bmp,2.静息-非标准
../data/TrainSet/2.静息-非标准/非标准-静息  (582).bmp,2.静息-非标准
../data/TrainSet/2.静息-非标准/非标准-静息  (64).bmp,2.静息-非标准
../data/TrainSet/2.静息-非标准/非标准-静息  (925).bmp,2.静息-非标准
../data/TrainSet/2.静息-非标准/非标准-静息  (754).bmp,2.静息-非标准
../data/TrainSet/2.静息-非标准/非标准-静息  (207).bmp,2.静息-非标准
../data/TrainSet/2.静息-非标准/非标准-静息  (1262).bmp,2.静息-非标准
../data/TrainSet/2.静息-非标准/非标准-静息  (351).bmp,2.静息-非标准
../data/TrainSet/2.静息-非标准/非标准-静息  (895).bmp,2.静息-非标准
../data/TrainSet/2.静息-非标准/非标准-静息  (548).bmp,2.静息-非标准
../data/TrainSet/2.静息-非标准/非标准-静息  (590).bmp,2.静息-非标准
../data/TrainSet/2.静息-非标准/非标准-静息  (1472).bmp,2.静息-非标准
../data/TrainSet/2.静息-非标准/非标准-静息  (1226).bmp,2.静息-非标准
../data/TrainSet/2.静息-非标准/非标准-静息  (206).bmp,2.静息-非标准
../data/TrainSet/2.静息-非标准/非标准-静息  (995).bmp,2.静息-非标准
../data/TrainSet/2.静息-非标准/非标准-静息  (1246).bmp,2.静息-非标准
../data/TrainSet/2.静息-非标准/非标准-静息  (1141).bmp,2.静息-非标准
../data/TrainSet/2.静息-非标准/非标准-静息  (1150).bmp,2.静息-非标准
../data/TrainSet/2.静息-非标准/非标准-静息  (598).bmp,2.静息-非标准
../data/TrainSet/2.静息-非标准/非标准-静息  (1383).bmp,2.静息-非标准
../data/TrainSet/2.静息-非标准/非标准-静息  (249).bmp,2.静息-非标准
../data/TrainSet/2.静息-非标准/非标准-静息  (1333).bmp,2.静息-非标准
../data/TrainSet/2.静息-非标准/非标准-静息  (87).bmp,2.静息-非标准
../data/TrainSet/2.静息-非标准/非标准-静息  (318).bmp,2.静息-非标准
../data/TrainSet/2.静息-非标准/非标准-静息  (320).bmp,2.静息-非标准
../data/TrainSet/2.静息-非标准/非标准-静息  (377).bmp,2.静息-非标准
../data/TrainSet/2.静息-非标准/非标准-静息  (16).bmp,2.静息-非标准
../data/TrainSet/2.静息-非标准/非标准-静息  (1148).bmp,2.静息-非标准
../data/TrainSet/2.静息-非标准/非标准-静息  (699).bmp,2.静息-非标准
../data/TrainSet/2.静息-非标准/非标准-静息  (593).bmp,2.静息-非标准
../data/TrainSet/2.静息-非标准/非标准-静息  (290).bmp,2.静息-非标准
../data/TrainSet/2.静息-非标准/非标准-静息  (1301).bmp,2.静息-非标准
../data/TrainSet/2.静息-非标准/非标准-静息  (500).bmp,2.静息-非标准
../data/TrainSet/2.静息-非标准/非标准-静息  (341).bmp,2.静息-非标准
../data/TrainSet/2.静息-非标准/非标准-静息  (270).bmp,2.静息-非标准
../data/TrainSet/2.静息-非标准/非标准-静息  (893).bmp,2.静息-非标准
../data/TrainSet/2.静息-非标准/非标准-静息  (1074).bmp,2.静息-非标准
../data/TrainSet/2.静息-非标准/非标准-静息  (342).bmp,2.静息-非标准
../data/TrainSet/2.静息-非标准/非标准-静息  (132).bmp,2.静息-非标准
../data/TrainSet/2.静息-非标准/非标准-静息  (525).bmp,2.静息-非标准
../data/TrainSet/2.静息-非标准/非标准-静息  (229).bmp,2.静息-非标准
../data/TrainSet/2.静息-非标准/非标准-静息  (1054).bmp,2.静息-非标准
../data/TrainSet/2.静息-非标准/非标准-静息  (607).bmp,2.静息-非标准
../data/TrainSet/2.静息-非标准/非标准-静息  (1213).bmp,2.静息-非标准
../data/TrainSet/2.静息-非标准/非标准-静息  (686).bmp,2.静息-非标准
../data/TrainSet/2.静息-非标准/非标准-静息  (625).bmp,2.静息-非标准
../data/TrainSet/2.静息-非标准/非标准-静息  (293).bmp,2.静息-非标准
../data/TrainSet/2.静息-非标准/非标准-静息  (262).bmp,2.静息-非标准
../data/TrainSet/2.静息-非标准/非标准-静息  (693).bmp,2.静息-非标准
../data/TrainSet/2.静息-非标准/非标准-静息  (459).bmp,2.静息-非标准
../data/TrainSet/2.静息-非标准/非标准-静息  (235).bmp,2.静息-非标准
../data/TrainSet/2.静息-非标准/非标准-静息  (617).bmp,2.静息-非标准
../data/TrainSet/2.静息-非标准/非标准-静息  (971).bmp,2.静息-非标准
../data/TrainSet/2.静息-非标准/非标准-静息  (839).bmp,2.静息-非标准
../data/TrainSet/2.静息-非标准/非标准-静息  (1122).bmp,2.静息-非标准
../data/TrainSet/2.静息-非标准/非标准-静息  (986).bmp,2.静息-非标准
../data/TrainSet/2.静息-非标准/非标准-静息  (397).bmp,2.静息-非标准
../data/TrainSet/2.静息-非标准/非标准-静息  (1254).bmp,2.静息-非标准
../data/TrainSet/2.静息-非标准/非标准-静息  (89).bmp,2.静息-非标准
../data/TrainSet/2.静息-非标准/非标准-静息  (801).bmp,2.静息-非标准
../data/TrainSet/2.静息-非标准/非标准-静息  (402).bmp,2.静息-非标准
../data/TrainSet/2.静息-非标准/非标准-静息  (344).bmp,2.静息-非标准
../data/TrainSet/2.静息-非标准/非标准-静息  (544).bmp,2.静息-非标准
../data/TrainSet/2.静息-非标准/非标准-静息  (69).bmp,2.静息-非标准
../data/TrainSet/2.静息-非标准/非标准-静息  (657).bmp,2.静息-非标准
../data/TrainSet/2.静息-非标准/非标准-静息  (815).bmp,2.静息-非标准
../data/TrainSet/2.静息-非标准/非标准-静息  (1191).bmp,2.静息-非标准
../data/TrainSet/2.静息-非标准/非标准-静息  (134).bmp,2.静息-非标准
../data/TrainSet/2.静息-非标准/非标准-静息  (658).bmp,2.静息-非标准
../data/TrainSet/2.静息-非标准/非标准-静息  (35).bmp,2.静息-非标准
../data/TrainSet/2.静息-非标准/非标准-静息  (1024).bmp,2.静息-非标准
../data/TrainSet/2.静息-非标准/非标准-静息  (738).bmp,2.静息-非标准
../data/TrainSet/2.静息-非标准/非标准-静息  (453).bmp,2.静息-非标准
../data/TrainSet/2.静息-非标准/非标准-静息  (51).bmp,2.静息-非标准
../data/TrainSet/2.静息-非标准/非标准-静息  (556).bmp,2.静息-非标准
../data/TrainSet/2.静息-非标准/非标准-静息  (1237).bmp,2.静息-非标准
../data/TrainSet/2.静息-非标准/非标准-静息  (1084).bmp,2.静息-非标准
../data/TrainSet/2.静息-非标准/非标准-静息  (963).bmp,2.静息-非标准
../data/TrainSet/2.静息-非标准/非标准-静息  (232).bmp,2.静息-非标准
../data/TrainSet/2.静息-非标准/非标准-静息  (387).bmp,2.静息-非标准
../data/TrainSet/2.静息-非标准/非标准-静息  (687).bmp,2.静息-非标准
../data/TrainSet/2.静息-非标准/非标准-静息  (852).bmp,2.静息-非标准
../data/TrainSet/2.静息-非标准/非标准-静息  (295).bmp,2.静息-非标准
../data/TrainSet/2.静息-非标准/非标准-静息  (773).bmp,2.静息-非标准
../data/TrainSet/2.静息-非标准/非标准-静息  (366).bmp,2.静息-非标准
../data/TrainSet/2.静息-非标准/非标准-静息  (11).bmp,2.静息-非标准
../data/TrainSet/2.静息-非标准/非标准-静息  (8).bmp,2.静息-非标准
../data/TrainSet/2.静息-非标准/非标准-静息  (298).bmp,2.静息-非标准
../data/TrainSet/2.静息-非标准/非标准-静息  (1318).bmp,2.静息-非标准
../data/TrainSet/2.静息-非标准/非标准-静息  (829).bmp,2.静息-非标准
../data/TrainSet/2.静息-非标准/非标准-静息  (376).bmp,2.静息-非标准
../data/TrainSet/2.静息-非标准/非标准-静息  (585).bmp,2.静息-非标准
../data/TrainSet/2.静息-非标准/非标准-静息  (920).bmp,2.静息-非标准
../data/TrainSet/2.静息-非标准/非标准-静息  (1490).bmp,2.静息-非标准
../data/TrainSet/2.静息-非标准/非标准-静息  (705).bmp,2.静息-非标准
../data/TrainSet/2.静息-非标准/非标准-静息  (913).bmp,2.静息-非标准
../data/TrainSet/2.静息-非标准/非标准-静息  (449).bmp,2.静息-非标准
../data/TrainSet/2.静息-非标准/非标准-静息  (636).bmp,2.静息-非标准
../data/TrainSet/2.静息-非标准/非标准-静息  (1021).bmp,2.静息-非标准
../data/TrainSet/2.静息-非标准/非标准-静息  (634).bmp,2.静息-非标准
../data/TrainSet/2.静息-非标准/非标准-静息  (48).bmp,2.静息-非标准
../data/TrainSet/2.静息-非标准/非标准-静息  (868).bmp,2.静息-非标准
../data/TrainSet/2.静息-非标准/非标准-静息  (1270).bmp,2.静息-非标准
../data/TrainSet/2.静息-非标准/非标准-静息  (260).bmp,2.静息-非标准
../data/TrainSet/2.静息-非标准/非标准-静息  (1112).bmp,2.静息-非标准
../data/TrainSet/2.静息-非标准/非标准-静息  (1342).bmp,2.静息-非标准
../data/TrainSet/2.静息-非标准/非标准-静息  (896).bmp,2.静息-非标准
../data/TrainSet/2.静息-非标准/非标准-静息  (759).bmp,2.静息-非标准
../data/TrainSet/2.静息-非标准/非标准-静息  (1377).bmp,2.静息-非标准
../data/TrainSet/2.静息-非标准/非标准-静息  (834).bmp,2.静息-非标准
../data/TrainSet/2.静息-非标准/非标准-静息  (1398).bmp,2.静息-非标准
../data/TrainSet/2.静息-非标准/非标准-静息  (565).bmp,2.静息-非标准
../data/TrainSet/2.静息-非标准/非标准-静息  (294).bmp,2.静息-非标准
../data/TrainSet/2.静息-非标准/非标准-静息  (542).bmp,2.静息-非标准
../data/TrainSet/2.静息-非标准/非标准-静息  (1).bmp,2.静息-非标准
../data/TrainSet/2.静息-非标准/非标准-静息  (1276).bmp,2.静息-非标准
../data/TrainSet/2.静息-非标准/非标准-静息  (348).bmp,2.静息-非标准
../data/TrainSet/2.静息-非标准/非标准-静息  (952).bmp,2.静息-非标准
../data/TrainSet/2.静息-非标准/非标准-静息  (641).bmp,2.静息-非标准
../data/TrainSet/2.静息-非标准/非标准-静息  (336).bmp,2.静息-非标准
../data/TrainSet/2.静息-非标准/非标准-静息  (180).bmp,2.静息-非标准
../data/TrainSet/2.静息-非标准/非标准-静息  (14).bmp,2.静息-非标准
../data/TrainSet/2.静息-非标准/非标准-静息  (562).bmp,2.静息-非标准
../data/TrainSet/2.静息-非标准/非标准-静息  (1056).bmp,2.静息-非标准
../data/TrainSet/2.静息-非标准/非标准-静息  (1064).bmp,2.静息-非标准
../data/TrainSet/2.静息-非标准/非标准-静息  (612).bmp,2.静息-非标准
../data/TrainSet/2.静息-非标准/非标准-静息  (788).bmp,2.静息-非标准
../data/TrainSet/2.静息-非标准/非标准-静息  (423).bmp,2.静息-非标准
../data/TrainSet/2.静息-非标准/非标准-静息  (1376).bmp,2.静息-非标准
../data/TrainSet/2.静息-非标准/非标准-静息  (1133).bmp,2.静息-非标准
../data/TrainSet/2.静息-非标准/非标准-静息  (1257).bmp,2.静息-非标准
../data/TrainSet/2.静息-非标准/非标准-静息  (120).bmp,2.静息-非标准
../data/TrainSet/2.静息-非标准/非标准-静息  (663).bmp,2.静息-非标准
../data/TrainSet/2.静息-非标准/非标准-静息  (164).bmp,2.静息-非标准
../data/TrainSet/2.静息-非标准/非标准-静息  (596).bmp,2.静息-非标准
../data/TrainSet/2.静息-非标准/非标准-静息  (291).bmp,2.静息-非标准
../data/TrainSet/2.静息-非标准/非标准-静息  (1017).bmp,2.静息-非标准
../data/TrainSet/2.静息-非标准/非标准-静息  (175).bmp,2.静息-非标准
../data/TrainSet/2.静息-非标准/非标准-静息  (616).bmp,2.静息-非标准
../data/TrainSet/2.静息-非标准/非标准-静息  (78).bmp,2.静息-非标准
../data/TrainSet/2.静息-非标准/非标准-静息  (671).bmp,2.静息-非标准
../data/TrainSet/2.静息-非标准/非标准-静息  (227).bmp,2.静息-非标准
../data/TrainSet/2.静息-非标准/非标准-静息  (546).bmp,2.静息-非标准
../data/TrainSet/2.静息-非标准/非标准-静息  (923).bmp,2.静息-非标准
../data/TrainSet/2.静息-非标准/非标准-静息  (949).bmp,2.静息-非标准
../data/TrainSet/2.静息-非标准/非标准-静息  (1354).bmp,2.静息-非标准
../data/TrainSet/2.静息-非标准/非标准-静息  (284).bmp,2.静息-非标准
../data/TrainSet/2.静息-非标准/非标准-静息  (1308).bmp,2.静息-非标准
../data/TrainSet/2.静息-非标准/非标准-静息  (745).bmp,2.静息-非标准
../data/TrainSet/2.静息-非标准/非标准-静息  (427).bmp,2.静息-非标准
../data/TrainSet/2.静息-非标准/非标准-静息  (393).bmp,2.静息-非标准
../data/TrainSet/2.静息-非标准/非标准-静息  (859).bmp,2.静息-非标准
../data/TrainSet/2.静息-非标准/非标准-静息  (851).bmp,2.静息-非标准
../data/TrainSet/2.静息-非标准/非标准-静息  (1063).bmp,2.静息-非标准
../data/TrainSet/2.静息-非标准/非标准-静息  (741).bmp,2.静息-非标准
../data/TrainSet/2.静息-非标准/非标准-静息  (34).bmp,2.静息-非标准
../data/TrainSet/2.静息-非标准/非标准-静息  (1437).bmp,2.静息-非标准
../data/TrainSet/2.静息-非标准/非标准-静息  (997).bmp,2.静息-非标准
../data/TrainSet/2.静息-非标准/非标准-静息  (1340).bmp,2.静息-非标准
../data/TrainSet/2.静息-非标准/非标准-静息  (1097).bmp,2.静息-非标准
../data/TrainSet/2.静息-非标准/非标准-静息  (275).bmp,2.静息-非标准
../data/TrainSet/2.静息-非标准/非标准-静息  (623).bmp,2.静息-非标准
../data/TrainSet/2.静息-非标准/非标准-静息  (214).bmp,2.静息-非标准
../data/TrainSet/2.静息-非标准/非标准-静息  (231).bmp,2.静息-非标准
../data/TrainSet/2.静息-非标准/非标准-静息  (568).bmp,2.静息-非标准
../data/TrainSet/2.静息-非标准/非标准-静息  (163).bmp,2.静息-非标准
../data/TrainSet/2.静息-非标准/非标准-静息  (869).bmp,2.静息-非标准
../data/TrainSet/2.静息-非标准/非标准-静息  (795).bmp,2.静息-非标准
../data/TrainSet/2.静息-非标准/非标准-静息  (451).bmp,2.静息-非标准
../data/TrainSet/2.静息-非标准/非标准-静息  (1121).bmp,2.静息-非标准
../data/TrainSet/2.静息-非标准/非标准-静息  (1316).bmp,2.静息-非标准
../data/TrainSet/2.静息-非标准/非标准-静息  (1459).bmp,2.静息-非标准
../data/TrainSet/2.静息-非标准/非标准-静息  (160).bmp,2.静息-非标准
../data/TrainSet/2.静息-非标准/非标准-静息  (220).bmp,2.静息-非标准
../data/TrainSet/2.静息-非标准/非标准-静息  (209).bmp,2.静息-非标准
../data/TrainSet/2.静息-非标准/非标准-静息  (1471).bmp,2.静息-非标准
../data/TrainSet/2.静息-非标准/非标准-静息  (1083).bmp,2.静息-非标准
../data/TrainSet/2.静息-非标准/非标准-静息  (645).bmp,2.静息-非标准
../data/TrainSet/2.静息-非标准/非标准-静息  (1139).bmp,2.静息-非标准
../data/TrainSet/2.静息-非标准/非标准-静息  (45).bmp,2.静息-非标准
../data/TrainSet/2.静息-非标准/非标准-静息  (836).bmp,2.静息-非标准
../data/TrainSet/2.静息-非标准/非标准-静息  (696).bmp,2.静息-非标准
../data/TrainSet/2.静息-非标准/非标准-静息  (783).bmp,2.静息-非标准
../data/TrainSet/2.静息-非标准/非标准-静息  (1224).bmp,2.静息-非标准
../data/TrainSet/2.静息-非标准/非标准-静息  (268).bmp,2.静息-非标准
../data/TrainSet/2.静息-非标准/非标准-静息  (158).bmp,2.静息-非标准
../data/TrainSet/2.静息-非标准/非标准-静息  (266).bmp,2.静息-非标准
../data/TrainSet/2.静息-非标准/非标准-静息  (462).bmp,2.静息-非标准
../data/TrainSet/2.静息-非标准/非标准-静息  (1001).bmp,2.静息-非标准
../data/TrainSet/2.静息-非标准/非标准-静息  (90).bmp,2.静息-非标准
../data/TrainSet/2.静息-非标准/非标准-静息  (739).bmp,2.静息-非标准
../data/TrainSet/2.静息-非标准/非标准-静息  (853).bmp,2.静息-非标准
../data/TrainSet/2.静息-非标准/非标准-静息  (570).bmp,2.静息-非标准
../data/TrainSet/2.静息-非标准/非标准-静息  (1007).bmp,2.静息-非标准
../data/TrainSet/2.静息-非标准/非标准-静息  (632).bmp,2.静息-非标准
../data/TrainSet/2.静息-非标准/非标准-静息  (972).bmp,2.静息-非标准
../data/TrainSet/2.静息-非标准/非标准-静息  (1094).bmp,2.静息-非标准
../data/TrainSet/2.静息-非标准/非标准-静息  (441).bmp,2.静息-非标准
../data/TrainSet/2.静息-非标准/非标准-静息  (720).bmp,2.静息-非标准
../data/TrainSet/2.静息-非标准/非标准-静息  (1077).bmp,2.静息-非标准
../data/TrainSet/2.静息-非标准/非标准-静息  (1040).bmp,2.静息-非标准
../data/TrainSet/2.静息-非标准/非标准-静息  (1389).bmp,2.静息-非标准
../data/TrainSet/2.静息-非标准/非标准-静息  (955).bmp,2.静息-非标准
../data/TrainSet/2.静息-非标准/非标准-静息  (487).bmp,2.静息-非标准
../data/TrainSet/2.静息-非标准/非标准-静息  (583).bmp,2.静息-非标准
../data/TrainSet/2.静息-非标准/非标准-静息  (718).bmp,2.静息-非标准
../data/TrainSet/2.静息-非标准/非标准-静息  (492).bmp,2.静息-非标准
../data/TrainSet/2.静息-非标准/非标准-静息  (865).bmp,2.静息-非标准
../data/TrainSet/2.静息-非标准/非标准-静息  (978).bmp,2.静息-非标准
../data/TrainSet/2.静息-非标准/非标准-静息  (576).bmp,2.静息-非标准
../data/TrainSet/2.静息-非标准/非标准-静息  (1033).bmp,2.静息-非标准
../data/TrainSet/2.静息-非标准/非标准-静息  (1326).bmp,2.静息-非标准
../data/TrainSet/2.静息-非标准/非标准-静息  (1026).bmp,2.静息-非标准
../data/TrainSet/2.静息-非标准/非标准-静息  (581).bmp,2.静息-非标准
../data/TrainSet/2.静息-非标准/非标准-静息  (386).bmp,2.静息-非标准
../data/TrainSet/2.静息-非标准/非标准-静息  (297).bmp,2.静息-非标准
../data/TrainSet/2.静息-非标准/非标准-静息  (457).bmp,2.静息-非标准
../data/TrainSet/2.静息-非标准/非标准-静息  (1159).bmp,2.静息-非标准
../data/TrainSet/2.静息-非标准/非标准-静息  (282).bmp,2.静息-非标准
../data/TrainSet/2.静息-非标准/非标准-静息  (644).bmp,2.静息-非标准
../data/TrainSet/2.静息-非标准/非标准-静息  (239).bmp,2.静息-非标准
../data/TrainSet/2.静息-非标准/非标准-静息  (1239).bmp,2.静息-非标准
../data/TrainSet/2.静息-非标准/非标准-静息  (749).bmp,2.静息-非标准
../data/TrainSet/2.静息-非标准/非标准-静息  (1227).bmp,2.静息-非标准
../data/TrainSet/2.静息-非标准/非标准-静息  (399).bmp,2.静息-非标准
../data/TrainSet/2.静息-非标准/非标准-静息  (327).bmp,2.静息-非标准
../data/TrainSet/2.静息-非标准/非标准-静息  (25).bmp,2.静息-非标准
../data/TrainSet/2.静息-非标准/非标准-静息  (520).bmp,2.静息-非标准
../data/TrainSet/2.静息-非标准/非标准-静息  (481).bmp,2.静息-非标准
../data/TrainSet/2.静息-非标准/非标准-静息  (1298).bmp,2.静息-非标准
../data/TrainSet/2.静息-非标准/非标准-静息  (450).bmp,2.静息-非标准
../data/TrainSet/2.静息-非标准/非标准-静息  (1147).bmp,2.静息-非标准
../data/TrainSet/2.静息-非标准/非标准-静息  (561).bmp,2.静息-非标准
../data/TrainSet/2.静息-非标准/非标准-静息  (996).bmp,2.静息-非标准
../data/TrainSet/2.静息-非标准/非标准-静息  (1008).bmp,2.静息-非标准
../data/TrainSet/2.静息-非标准/非标准-静息  (1178).bmp,2.静息-非标准
../data/TrainSet/2.静息-非标准/非标准-静息  (186).bmp,2.静息-非标准
../data/TrainSet/2.静息-非标准/非标准-静息  (967).bmp,2.静息-非标准
../data/TrainSet/2.静息-非标准/非标准-静息  (1142).bmp,2.静息-非标准
../data/TrainSet/2.静息-非标准/非标准-静息  (495).bmp,2.静息-非标准
../data/TrainSet/2.静息-非标准/非标准-静息  (624).bmp,2.静息-非标准
../data/TrainSet/2.静息-非标准/非标准-静息  (226).bmp,2.静息-非标准
../data/TrainSet/2.静息-非标准/非标准-静息  (1343).bmp,2.静息-非标准
../data/TrainSet/2.静息-非标准/非标准-静息  (1390).bmp,2.静息-非标准
../data/TrainSet/2.静息-非标准/非标准-静息  (1247).bmp,2.静息-非标准
../data/TrainSet/2.静息-非标准/非标准-静息  (1126).bmp,2.静息-非标准
../data/TrainSet/2.静息-非标准/非标准-静息  (956).bmp,2.静息-非标准
../data/TrainSet/2.静息-非标准/非标准-静息  (12).bmp,2.静息-非标准
../data/TrainSet/2.静息-非标准/非标准-静息  (1230).bmp,2.静息-非标准
../data/TrainSet/2.静息-非标准/非标准-静息  (381).bmp,2.静息-非标准
../data/TrainSet/2.静息-非标准/非标准-静息  (1493).bmp,2.静息-非标准
../data/TrainSet/2.静息-非标准/非标准-静息  (269).bmp,2.静息-非标准
../data/TrainSet/2.静息-非标准/非标准-静息  (335).bmp,2.静息-非标准
../data/TrainSet/2.静息-非标准/非标准-静息  (144).bmp,2.静息-非标准
../data/TrainSet/2.静息-非标准/非标准-静息  (1136).bmp,2.静息-非标准
../data/TrainSet/2.静息-非标准/非标准-静息  (221).bmp,2.静息-非标准
../data/TrainSet/2.静息-非标准/非标准-静息  (413).bmp,2.静息-非标准
../data/TrainSet/2.静息-非标准/非标准-静息  (664).bmp,2.静息-非标准
../data/TrainSet/2.静息-非标准/非标准-静息  (315).bmp,2.静息-非标准
../data/TrainSet/2.静息-非标准/非标准-静息  (684).bmp,2.静息-非标准
../data/TrainSet/2.静息-非标准/非标准-静息  (1379).bmp,2.静息-非标准
../data/TrainSet/2.静息-非标准/非标准-静息  (382).bmp,2.静息-非标准
../data/TrainSet/2.静息-非标准/非标准-静息  (15).bmp,2.静息-非标准
../data/TrainSet/2.静息-非标准/非标准-静息  (1232).bmp,2.静息-非标准
../data/TrainSet/2.静息-非标准/非标准-静息  (647).bmp,2.静息-非标准
../data/TrainSet/2.静息-非标准/非标准-静息  (1337).bmp,2.静息-非标准
../data/TrainSet/2.静息-非标准/非标准-静息  (1427).bmp,2.静息-非标准
../data/TrainSet/2.静息-非标准/非标准-静息  (343).bmp,2.静息-非标准
../data/TrainSet/2.静息-非标准/非标准-静息  (1116).bmp,2.静息-非标准
../data/TrainSet/2.静息-非标准/非标准-静息  (791).bmp,2.静息-非标准
../data/TrainSet/2.静息-非标准/非标准-静息  (33).bmp,2.静息-非标准
../data/TrainSet/2.静息-非标准/非标准-静息  (1282).bmp,2.静息-非标准
../data/TrainSet/2.静息-非标准/非标准-静息  (1039).bmp,2.静息-非标准
../data/TrainSet/2.静息-非标准/非标准-静息  (454).bmp,2.静息-非标准
../data/TrainSet/2.静息-非标准/非标准-静息  (458).bmp,2.静息-非标准
../data/TrainSet/2.静息-非标准/非标准-静息  (842).bmp,2.静息-非标准
../data/TrainSet/2.静息-非标准/非标准-静息  (354).bmp,2.静息-非标准
../data/TrainSet/2.静息-非标准/非标准-静息  (1322).bmp,2.静息-非标准
../data/TrainSet/2.静息-非标准/非标准-静息  (1358).bmp,2.静息-非标准
../data/TrainSet/2.静息-非标准/非标准-静息  (620).bmp,2.静息-非标准
../data/TrainSet/2.静息-非标准/非标准-静息  (210).bmp,2.静息-非标准
../data/TrainSet/2.静息-非标准/非标准-静息  (1287).bmp,2.静息-非标准
../data/TrainSet/2.静息-非标准/非标准-静息  (1157).bmp,2.静息-非标准
../data/TrainSet/2.静息-非标准/非标准-静息  (50).bmp,2.静息-非标准
../data/TrainSet/2.静息-非标准/非标准-静息  (308).bmp,2.静息-非标准
../data/TrainSet/2.静息-非标准/非标准-静息  (1130).bmp,2.静息-非标准
../data/TrainSet/2.静息-非标准/非标准-静息  (438).bmp,2.静息-非标准
../data/TrainSet/2.静息-非标准/非标准-静息  (579).bmp,2.静息-非标准
../data/TrainSet/2.静息-非标准/非标准-静息  (828).bmp,2.静息-非标准
../data/TrainSet/2.静息-非标准/非标准-静息  (422).bmp,2.静息-非标准
../data/TrainSet/2.静息-非标准/非标准-静息  (533).bmp,2.静息-非标准
../data/TrainSet/2.静息-非标准/非标准-静息  (559).bmp,2.静息-非标准
../data/TrainSet/2.静息-非标准/非标准-静息  (1067).bmp,2.静息-非标准
../data/TrainSet/2.静息-非标准/非标准-静息  (830).bmp,2.静息-非标准
../data/TrainSet/2.静息-非标准/非标准-静息  (1405).bmp,2.静息-非标准
../data/TrainSet/2.静息-非标准/非标准-静息  (1163).bmp,2.静息-非标准
../data/TrainSet/2.静息-非标准/非标准-静息  (908).bmp,2.静息-非标准
../data/TrainSet/2.静息-非标准/非标准-静息  (1240).bmp,2.静息-非标准
../data/TrainSet/2.静息-非标准/非标准-静息  (651).bmp,2.静息-非标准
../data/TrainSet/2.静息-非标准/非标准-静息  (1076).bmp,2.静息-非标准
../data/TrainSet/2.静息-非标准/非标准-静息  (353).bmp,2.静息-非标准
../data/TrainSet/2.静息-非标准/非标准-静息  (138).bmp,2.静息-非标准
../data/TrainSet/2.静息-非标准/非标准-静息  (786).bmp,2.静息-非标准
../data/TrainSet/2.静息-非标准/非标准-静息  (597).bmp,2.静息-非标准
../data/TrainSet/2.静息-非标准/非标准-静息  (54).bmp,2.静息-非标准
../data/TrainSet/2.静息-非标准/非标准-静息  (1169).bmp,2.静息-非标准
../data/TrainSet/2.静息-非标准/非标准-静息  (1100).bmp,2.静息-非标准
../data/TrainSet/2.静息-非标准/非标准-静息  (910).bmp,2.静息-非标准
../data/TrainSet/2.静息-非标准/非标准-静息  (781).bmp,2.静息-非标准
../data/TrainSet/2.静息-非标准/非标准-静息  (321).bmp,2.静息-非标准
../data/TrainSet/2.静息-非标准/非标准-静息  (330).bmp,2.静息-非标准
../data/TrainSet/2.静息-非标准/非标准-静息  (280).bmp,2.静息-非标准
../data/TrainSet/2.静息-非标准/非标准-静息  (1330).bmp,2.静息-非标准
../data/TrainSet/2.静息-非标准/非标准-静息  (1429).bmp,2.静息-非标准
../data/TrainSet/2.静息-非标准/非标准-静息  (812).bmp,2.静息-非标准
../data/TrainSet/2.静息-非标准/非标准-静息  (1303).bmp,2.静息-非标准
../data/TrainSet/2.静息-非标准/非标准-静息  (510).bmp,2.静息-非标准
../data/TrainSet/2.静息-非标准/非标准-静息  (831).bmp,2.静息-非标准
../data/TrainSet/2.静息-非标准/非标准-静息  (76).bmp,2.静息-非标准
../data/TrainSet/2.静息-非标准/非标准-静息  (906).bmp,2.静息-非标准
../data/TrainSet/2.静息-非标准/非标准-静息  (471).bmp,2.静息-非标准
../data/TrainSet/2.静息-非标准/非标准-静息  (114).bmp,2.静息-非标准
../data/TrainSet/2.静息-非标准/非标准-静息  (892).bmp,2.静息-非标准
../data/TrainSet/2.静息-非标准/非标准-静息  (303).bmp,2.静息-非标准
../data/TrainSet/2.静息-非标准/非标准-静息  (939).bmp,2.静息-非标准
../data/TrainSet/2.静息-非标准/非标准-静息  (1286).bmp,2.静息-非标准
../data/TrainSet/2.静息-非标准/非标准-静息  (1075).bmp,2.静息-非标准
../data/TrainSet/2.静息-非标准/非标准-静息  (1241).bmp,2.静息-非标准
../data/TrainSet/2.静息-非标准/非标准-静息  (726).bmp,2.静息-非标准
../data/TrainSet/2.静息-非标准/非标准-静息  (1069).bmp,2.静息-非标准
../data/TrainSet/2.静息-非标准/非标准-静息  (1197).bmp,2.静息-非标准
../data/TrainSet/2.静息-非标准/非标准-静息  (331).bmp,2.静息-非标准
../data/TrainSet/2.静息-非标准/非标准-静息  (536).bmp,2.静息-非标准
../data/TrainSet/2.静息-非标准/非标准-静息  (445).bmp,2.静息-非标准
../data/TrainSet/2.静息-非标准/非标准-静息  (285).bmp,2.静息-非标准
../data/TrainSet/2.静息-非标准/非标准-静息  (804).bmp,2.静息-非标准
../data/TrainSet/2.静息-非标准/非标准-静息  (124).bmp,2.静息-非标准
../data/TrainSet/2.静息-非标准/非标准-静息  (1162).bmp,2.静息-非标准
../data/TrainSet/2.静息-非标准/非标准-静息  (574).bmp,2.静息-非标准
../data/TrainSet/2.静息-非标准/非标准-静息  (872).bmp,2.静息-非标准
../data/TrainSet/2.静息-非标准/非标准-静息  (127).bmp,2.静息-非标准
../data/TrainSet/2.静息-非标准/非标准-静息  (513).bmp,2.静息-非标准
../data/TrainSet/2.静息-非标准/非标准-静息  (1041).bmp,2.静息-非标准
../data/TrainSet/2.静息-非标准/非标准-静息  (735).bmp,2.静息-非标准
../data/TrainSet/2.静息-非标准/非标准-静息  (13).bmp,2.静息-非标准
../data/TrainSet/2.静息-非标准/非标准-静息  (1161).bmp,2.静息-非标准
../data/TrainSet/2.静息-非标准/非标准-静息  (980).bmp,2.静息-非标准
../data/TrainSet/2.静息-非标准/非标准-静息  (757).bmp,2.静息-非标准
../data/TrainSet/2.静息-非标准/非标准-静息  (267).bmp,2.静息-非标准
../data/TrainSet/2.静息-非标准/非标准-静息  (1461).bmp,2.静息-非标准
../data/TrainSet/2.静息-非标准/非标准-静息  (72).bmp,2.静息-非标准
../data/TrainSet/2.静息-非标准/非标准-静息  (1093).bmp,2.静息-非标准
../data/TrainSet/2.静息-非标准/非标准-静息  (21).bmp,2.静息-非标准
../data/TrainSet/2.静息-非标准/非标准-静息  (746).bmp,2.静息-非标准
../data/TrainSet/2.静息-非标准/非标准-静息  (10).bmp,2.静息-非标准
../data/TrainSet/2.静息-非标准/非标准-静息  (182).bmp,2.静息-非标准
../data/TrainSet/2.静息-非标准/非标准-静息  (289).bmp,2.静息-非标准
../data/TrainSet/2.静息-非标准/非标准-静息  (20).bmp,2.静息-非标准
../data/TrainSet/2.静息-非标准/非标准-静息  (36).bmp,2.静息-非标准
../data/TrainSet/2.静息-非标准/非标准-静息  (115).bmp,2.静息-非标准
../data/TrainSet/2.静息-非标准/非标准-静息  (714).bmp,2.静息-非标准
../data/TrainSet/2.静息-非标准/非标准-静息  (1279).bmp,2.静息-非标准
../data/TrainSet/2.静息-非标准/非标准-静息  (156).bmp,2.静息-非标准
../data/TrainSet/2.静息-非标准/非标准-静息  (519).bmp,2.静息-非标准
../data/TrainSet/2.静息-非标准/非标准-静息  (810).bmp,2.静息-非标准
../data/TrainSet/2.静息-非标准/非标准-静息  (527).bmp,2.静息-非标准
../data/TrainSet/2.静息-非标准/非标准-静息  (945).bmp,2.静息-非标准
../data/TrainSet/2.静息-非标准/非标准-静息  (954).bmp,2.静息-非标准
../data/TrainSet/2.静息-非标准/非标准-静息  (245).bmp,2.静息-非标准
../data/TrainSet/2.静息-非标准/非标准-静息  (989).bmp,2.静息-非标准
../data/TrainSet/2.静息-非标准/非标准-静息  (1455).bmp,2.静息-非标准
../data/TrainSet/2.静息-非标准/非标准-静息  (957).bmp,2.静息-非标准
../data/TrainSet/2.静息-非标准/非标准-静息  (875).bmp,2.静息-非标准
../data/TrainSet/2.静息-非标准/非标准-静息  (1380).bmp,2.静息-非标准
../data/TrainSet/2.静息-非标准/非标准-静息  (43).bmp,2.静息-非标准
../data/TrainSet/2.静息-非标准/非标准-静息  (1404).bmp,2.静息-非标准
../data/TrainSet/2.静息-非标准/非标准-静息  (1023).bmp,2.静息-非标准
../data/TrainSet/2.静息-非标准/非标准-静息  (999).bmp,2.静息-非标准
../data/TrainSet/2.静息-非标准/非标准-静息  (417).bmp,2.静息-非标准
../data/TrainSet/2.静息-非标准/非标准-静息  (572).bmp,2.静息-非标准
../data/TrainSet/2.静息-非标准/非标准-静息  (985).bmp,2.静息-非标准
../data/TrainSet/2.静息-非标准/非标准-静息  (917).bmp,2.静息-非标准
../data/TrainSet/2.静息-非标准/非标准-静息  (655).bmp,2.静息-非标准
../data/TrainSet/2.静息-非标准/非标准-静息  (100).bmp,2.静息-非标准
../data/TrainSet/2.静息-非标准/非标准-静息  (479).bmp,2.静息-非标准
../data/TrainSet/2.静息-非标准/非标准-静息  (200).bmp,2.静息-非标准
../data/TrainSet/2.静息-非标准/非标准-静息  (569).bmp,2.静息-非标准
../data/TrainSet/2.静息-非标准/非标准-静息  (1418).bmp,2.静息-非标准
../data/TrainSet/2.静息-非标准/非标准-静息  (1364).bmp,2.静息-非标准
../data/TrainSet/2.静息-非标准/非标准-静息  (1160).bmp,2.静息-非标准
../data/TrainSet/2.静息-非标准/非标准-静息  (338).bmp,2.静息-非标准
../data/TrainSet/2.静息-非标准/非标准-静息  (610).bmp,2.静息-非标准
../data/TrainSet/2.静息-非标准/非标准-静息  (1485).bmp,2.静息-非标准
../data/TrainSet/2.静息-非标准/非标准-静息  (1022).bmp,2.静息-非标准
../data/TrainSet/2.静息-非标准/非标准-静息  (794).bmp,2.静息-非标准
../data/TrainSet/2.静息-非标准/非标准-静息  (692).bmp,2.静息-非标准
../data/TrainSet/2.静息-非标准/非标准-静息  (631).bmp,2.静息-非标准
../data/TrainSet/2.静息-非标准/非标准-静息  (19).bmp,2.静息-非标准
../data/TrainSet/2.静息-非标准/非标准-静息  (1052).bmp,2.静息-非标准
../data/TrainSet/2.静息-非标准/非标准-静息  (1393).bmp,2.静息-非标准
../data/TrainSet/2.静息-非标准/非标准-静息  (1051).bmp,2.静息-非标准
../data/TrainSet/2.静息-非标准/非标准-静息  (1312).bmp,2.静息-非标准
../data/TrainSet/2.静息-非标准/非标准-静息  (1090).bmp,2.静息-非标准
../data/TrainSet/2.静息-非标准/非标准-静息  (1456).bmp,2.静息-非标准
../data/TrainSet/2.静息-非标准/非标准-静息  (30).bmp,2.静息-非标准
../data/TrainSet/2.静息-非标准/非标准-静息  (845).bmp,2.静息-非标准
../data/TrainSet/2.静息-非标准/非标准-静息  (211).bmp,2.静息-非标准
../data/TrainSet/2.静息-非标准/非标准-静息  (1394).bmp,2.静息-非标准
../data/TrainSet/2.静息-非标准/非标准-静息  (777).bmp,2.静息-非标准
../data/TrainSet/2.静息-非标准/非标准-静息  (1294).bmp,2.静息-非标准
../data/TrainSet/2.静息-非标准/非标准-静息  (1235).bmp,2.静息-非标准
../data/TrainSet/2.静息-非标准/非标准-静息  (105).bmp,2.静息-非标准
../data/TrainSet/2.静息-非标准/非标准-静息  (969).bmp,2.静息-非标准
../data/TrainSet/2.静息-非标准/非标准-静息  (368).bmp,2.静息-非标准
../data/TrainSet/2.静息-非标准/非标准-静息  (1185).bmp,2.静息-非标准
../data/TrainSet/2.静息-非标准/非标准-静息  (775).bmp,2.静息-非标准
../data/TrainSet/2.静息-非标准/非标准-静息  (233).bmp,2.静息-非标准
../data/TrainSet/2.静息-非标准/非标准-静息  (389).bmp,2.静息-非标准
../data/TrainSet/2.静息-非标准/非标准-静息  (1395).bmp,2.静息-非标准
../data/TrainSet/2.静息-非标准/非标准-静息  (265).bmp,2.静息-非标准
../data/TrainSet/2.静息-非标准/非标准-静息  (1445).bmp,2.静息-非标准
../data/TrainSet/2.静息-非标准/非标准-静息  (1369).bmp,2.静息-非标准
../data/TrainSet/2.静息-非标准/非标准-静息  (1392).bmp,2.静息-非标准
../data/TrainSet/2.静息-非标准/非标准-静息  (41).bmp,2.静息-非标准
../data/TrainSet/2.静息-非标准/非标准-静息  (580).bmp,2.静息-非标准
../data/TrainSet/2.静息-非标准/非标准-静息  (1034).bmp,2.静息-非标准
../data/TrainSet/2.静息-非标准/非标准-静息  (1290).bmp,2.静息-非标准
../data/TrainSet/2.静息-非标准/非标准-静息  (666).bmp,2.静息-非标准
../data/TrainSet/2.静息-非标准/非标准-静息  (668).bmp,2.静息-非标准
../data/TrainSet/2.静息-非标准/非标准-静息  (1010).bmp,2.静息-非标准
../data/TrainSet/2.静息-非标准/非标准-静息  (112).bmp,2.静息-非标准
../data/TrainSet/2.静息-非标准/非标准-静息  (1127).bmp,2.静息-非标准
../data/TrainSet/2.静息-非标准/非标准-静息  (1173).bmp,2.静息-非标准
../data/TrainSet/2.静息-非标准/非标准-静息  (944).bmp,2.静息-非标准
../data/TrainSet/2.静息-非标准/非标准-静息  (241).bmp,2.静息-非标准
../data/TrainSet/2.静息-非标准/非标准-静息  (1457).bmp,2.静息-非标准
../data/TrainSet/2.静息-非标准/非标准-静息  (560).bmp,2.静息-非标准
../data/TrainSet/2.静息-非标准/非标准-静息  (301).bmp,2.静息-非标准
../data/TrainSet/2.静息-非标准/非标准-静息  (55).bmp,2.静息-非标准
../data/TrainSet/2.静息-非标准/非标准-静息  (139).bmp,2.静息-非标准
../data/TrainSet/2.静息-非标准/非标准-静息  (1436).bmp,2.静息-非标准
../data/TrainSet/2.静息-非标准/非标准-静息  (32).bmp,2.静息-非标准
../data/TrainSet/2.静息-非标准/非标准-静息  (1268).bmp,2.静息-非标准
../data/TrainSet/2.静息-非标准/非标准-静息  (202).bmp,2.静息-非标准
../data/TrainSet/2.静息-非标准/非标准-静息  (732).bmp,2.静息-非标准
../data/TrainSet/2.静息-非标准/非标准-静息  (622).bmp,2.静息-非标准
../data/TrainSet/2.静息-非标准/非标准-静息  (1299).bmp,2.静息-非标准
../data/TrainSet/2.静息-非标准/非标准-静息  (1035).bmp,2.静息-非标准
../data/TrainSet/2.静息-非标准/非标准-静息  (1434).bmp,2.静息-非标准
../data/TrainSet/2.静息-非标准/非标准-静息  (1464).bmp,2.静息-非标准
../data/TrainSet/2.静息-非标准/非标准-静息  (1042).bmp,2.静息-非标准
../data/TrainSet/2.静息-非标准/非标准-静息  (712).bmp,2.静息-非标准
../data/TrainSet/2.静息-非标准/非标准-静息  (681).bmp,2.静息-非标准
../data/TrainSet/2.静息-非标准/非标准-静息  (1019).bmp,2.静息-非标准
../data/TrainSet/2.静息-非标准/非标准-静息  (932).bmp,2.静息-非标准
../data/TrainSet/2.静息-非标准/非标准-静息  (1314).bmp,2.静息-非标准
../data/TrainSet/2.静息-非标准/非标准-静息  (347).bmp,2.静息-非标准
../data/TrainSet/2.静息-非标准/非标准-静息  (1220).bmp,2.静息-非标准
../data/TrainSet/2.静息-非标准/非标准-静息  (1018).bmp,2.静息-非标准
../data/TrainSet/2.静息-非标准/非标准-静息  (515).bmp,2.静息-非标准
../data/TrainSet/2.静息-非标准/非标准-静息  (1496).bmp,2.静息-非标准
../data/TrainSet/2.静息-非标准/非标准-静息  (509).bmp,2.静息-非标准
../data/TrainSet/2.静息-非标准/非标准-静息  (79).bmp,2.静息-非标准
